# EXCITATION
# Energy (Joules) | Cross Section (m2)
#-------------------------------------
2.1154E-18	0.000E+00
2.1166E-18	8.700E-23
2.1188E-18	3.151E-23
2.1210E-18	2.766E-23
2.1232E-18	2.833E-23
2.1254E-18	3.060E-23
2.1275E-18	3.385E-23
2.1297E-18	3.816E-23
2.1319E-18	4.210E-23
2.1341E-18	4.587E-23
2.1363E-18	4.912E-23
2.1384E-18	4.937E-23
2.1406E-18	5.098E-23
2.1428E-18	5.301E-23
2.1450E-18	5.845E-23
2.1471E-18	5.389E-23
2.1493E-18	5.485E-23
2.1515E-18	5.577E-23
2.1537E-18	5.687E-23
2.1559E-18	5.816E-23
2.1581E-18	5.932E-23
2.1602E-18	5.992E-23
2.1624E-18	6.058E-23
2.1646E-18	6.039E-23
2.1668E-18	6.051E-23
2.1690E-18	6.088E-23
2.1711E-18	6.186E-23
2.1733E-18	6.439E-23
2.1755E-18	6.523E-23
2.1777E-18	5.488E-23
2.1798E-18	5.299E-23
2.1820E-18	4.939E-23
2.1842E-18	4.700E-23
2.1864E-18	4.447E-23
2.1886E-18	4.445E-23
2.1907E-18	4.464E-23
2.1929E-18	4.490E-23
2.1951E-18	4.521E-23
2.1973E-18	4.554E-23
2.1995E-18	4.591E-23
2.2017E-18	4.628E-23
2.2038E-18	4.668E-23
2.2060E-18	4.710E-23
2.2082E-18	4.752E-23
2.2104E-18	4.797E-23
2.2125E-18	4.830E-23
2.2147E-18	4.876E-23
2.2169E-18	4.922E-23
2.2191E-18	4.969E-23
2.2213E-18	5.021E-23
2.2234E-18	5.067E-23
2.2256E-18	5.133E-23
2.2278E-18	5.195E-23
2.2300E-18	5.297E-23
2.2322E-18	5.361E-23
2.2343E-18	5.416E-23
2.2365E-18	5.418E-23
2.2387E-18	5.246E-23
2.2409E-18	5.528E-23
2.2431E-18	5.952E-23
2.2452E-18	6.355E-23
2.2474E-18	6.316E-23
2.2496E-18	6.474E-23
2.2518E-18	6.588E-23
2.2540E-18	6.592E-23
2.2561E-18	6.333E-23
2.2583E-18	6.057E-23
2.2605E-18	6.305E-23
2.2627E-18	7.300E-23
2.2649E-18	8.421E-23
2.2670E-18	6.948E-23
2.2692E-18	5.688E-23
2.2714E-18	5.621E-23
2.2736E-18	5.709E-23
2.2758E-18	5.215E-23
2.2779E-18	5.129E-23
2.2801E-18	5.359E-23
2.2823E-18	5.423E-23
2.2845E-18	5.500E-23
2.2867E-18	5.511E-23
2.2888E-18	6.086E-23
2.2910E-18	6.098E-23
2.2932E-18	6.017E-23
2.2954E-18	4.987E-23
2.2976E-18	6.132E-23
2.2997E-18	5.962E-23
2.3019E-18	5.648E-23
2.3041E-18	5.740E-23
2.3063E-18	5.818E-23
2.3085E-18	5.945E-23
2.3106E-18	6.283E-23
2.3128E-18	6.420E-23
2.3150E-18	6.591E-23
2.3172E-18	6.708E-23
2.3194E-18	6.821E-23
2.3215E-18	6.889E-23
2.3237E-18	7.065E-23
2.3259E-18	7.212E-23
2.3281E-18	7.076E-23
2.3303E-18	6.889E-23
2.3324E-18	6.690E-23
2.3346E-18	6.635E-23
2.3368E-18	6.714E-23
2.3390E-18	6.726E-23
2.3412E-18	6.640E-23
2.3433E-18	6.611E-23
2.3455E-18	6.408E-23
2.3477E-18	6.246E-23
2.3499E-18	6.164E-23
2.3520E-18	6.377E-23
2.3542E-18	6.512E-23
2.3564E-18	6.734E-23
2.3586E-18	6.706E-23
2.3608E-18	6.809E-23
2.3630E-18	6.787E-23
2.3651E-18	6.735E-23
2.3673E-18	6.700E-23
2.3695E-18	6.613E-23
2.3717E-18	6.502E-23
2.3739E-18	6.394E-23
2.3760E-18	6.306E-23
2.3782E-18	6.354E-23
2.3804E-18	6.287E-23
2.3826E-18	6.417E-23
2.3847E-18	6.513E-23
2.3869E-18	6.754E-23
2.3891E-18	6.648E-23
2.3913E-18	6.599E-23
2.3935E-18	6.681E-23
2.3978E-18	6.918E-23
2.4000E-18	7.250E-23
2.4022E-18	7.213E-23
2.4044E-18	6.768E-23
2.4066E-18	7.243E-23
2.4087E-18	7.210E-23
2.4109E-18	7.208E-23
2.4131E-18	6.943E-23
2.4153E-18	6.942E-23
2.4174E-18	6.917E-23
2.4196E-18	7.026E-23
2.4218E-18	7.078E-23
2.4240E-18	7.032E-23
2.4262E-18	6.687E-23
2.4283E-18	6.783E-23
2.4327E-18	7.136E-23
2.4349E-18	7.052E-23
2.4371E-18	7.147E-23
2.4393E-18	7.134E-23
2.4414E-18	7.055E-23
2.4436E-18	6.861E-23
2.4458E-18	7.052E-23
2.4480E-18	7.151E-23
2.4501E-18	7.251E-23
2.4523E-18	7.364E-23
2.4545E-18	7.620E-23
2.4567E-18	7.775E-23
2.4589E-18	7.802E-23
2.4610E-18	7.947E-23
2.4632E-18	7.697E-23
2.4654E-18	7.701E-23
2.4698E-18	8.158E-23
2.4719E-18	8.113E-23
2.4741E-18	8.367E-23
2.4763E-18	8.430E-23
2.4785E-18	8.485E-23
2.4807E-18	8.290E-23
2.4829E-18	8.281E-23
2.4850E-18	8.148E-23
2.4872E-18	8.211E-23
2.4894E-18	8.319E-23
2.4916E-18	8.491E-23
2.4937E-18	1.111E-22
2.4959E-18	8.601E-23
2.4981E-18	8.909E-23
2.5003E-18	8.858E-23
2.5025E-18	8.940E-23
2.5046E-18	8.953E-23
2.5068E-18	9.078E-23
2.5090E-18	9.149E-23
2.5112E-18	9.165E-23
2.5134E-18	9.384E-23
2.5156E-18	9.258E-23
2.5177E-18	9.285E-23
2.5199E-18	9.363E-23
2.5221E-18	9.845E-23
2.5243E-18	1.002E-22
2.5264E-18	1.008E-22
2.5286E-18	9.806E-23
2.5308E-18	8.890E-23
2.5330E-18	1.007E-22
2.5352E-18	1.010E-22
2.5373E-18	1.023E-22
2.5635E-18	9.079E-23
2.6837E-18	1.212E-22
2.7638E-18	1.218E-22
2.8038E-18	1.164E-22
2.8839E-18	1.338E-22
2.8920E-18	1.339E-22
2.9000E-18	1.327E-22
2.9080E-18	1.363E-22
2.9240E-18	1.360E-22
3.0842E-18	1.391E-22
3.2044E-18	1.389E-22
3.3646E-18	1.448E-22
3.5248E-18	1.373E-22
3.6850E-18	1.402E-22
3.8452E-18	1.278E-22
4.0055E-18	1.309E-22
4.8066E-18	9.202E-23
5.6077E-18	5.768E-23
6.4088E-18	4.119E-23
8.0109E-18	1.722E-23
9.6131E-18	1.032E-23
1.1215E-17	8.115E-24
1.2818E-17	5.872E-24
1.4420E-17	4.533E-24
1.6022E-17	3.487E-24
2.0027E-17	1.924E-24
2.4033E-17	1.108E-24
2.8038E-17	7.200E-25
3.2044E-17	4.991E-25
3.6049E-17	3.619E-25
4.0055E-17	2.699E-25
4.4060E-17	2.058E-25
4.8066E-17	1.581E-25
5.6076E-17	1.392E-25
8.0109E-17	1.034E-25
1.2016E-16	7.340E-26
1.6022E-16	5.744E-26
3.2044E-16	3.160E-26
4.8065E-16	2.219E-26
6.4087E-16	1.724E-26
8.0109E-16	1.416E-26
1.2016E-15	9.892E-27
1.4420E-15	8.412E-27
1.6022E-15	7.659E-27
2.0027E-15	6.275E-27
2.4033E-15	5.330E-27
4.0055E-15	3.368E-27
5.6076E-15	2.486E-27
8.0109E-15	1.799E-27
1.2016E-14	1.244E-27
1.6022E-14	9.573E-28
3.2044E-14	5.074E-28
4.8065E-14	3.495E-28
6.4087E-14	2.681E-28
8.0109E-14	2.182E-28
#-------------------------------------