# EXCITATION
# Energy (Joules) | Cross Section (m2)
#-------------------------------------
2.1536E-18	0.000E+00
2.1537E-18	1.462E-25
2.1559E-18	4.965E-24
2.1581E-18	1.188E-23
2.1602E-18	1.850E-23
2.1624E-18	3.086E-23
2.1646E-18	3.355E-23
2.1668E-18	3.443E-23
2.1690E-18	3.420E-23
2.1711E-18	3.334E-23
2.1733E-18	3.362E-23
2.1755E-18	3.833E-23
2.1777E-18	3.215E-23
2.1798E-18	3.052E-23
2.1820E-18	3.075E-23
2.1842E-18	3.140E-23
2.1864E-18	3.234E-23
2.1886E-18	3.218E-23
2.1907E-18	3.208E-23
2.1929E-18	3.199E-23
2.1951E-18	3.192E-23
2.1973E-18	3.195E-23
2.1995E-18	3.207E-23
2.2017E-18	3.235E-23
2.2038E-18	3.275E-23
2.2060E-18	3.322E-23
2.2082E-18	3.399E-23
2.2104E-18	3.422E-23
2.2125E-18	3.465E-23
2.2147E-18	3.495E-23
2.2169E-18	3.523E-23
2.2191E-18	3.552E-23
2.2213E-18	3.586E-23
2.2234E-18	3.627E-23
2.2256E-18	3.682E-23
2.2278E-18	3.779E-23
2.2300E-18	3.877E-23
2.2322E-18	4.025E-23
2.2343E-18	4.289E-23
2.2365E-18	4.800E-23
2.2387E-18	5.491E-23
2.2409E-18	4.103E-23
2.2431E-18	3.282E-23
2.2452E-18	3.255E-23
2.2474E-18	3.262E-23
2.2496E-18	3.295E-23
2.2518E-18	3.324E-23
2.2540E-18	3.400E-23
2.2561E-18	3.433E-23
2.2583E-18	3.618E-23
2.2605E-18	3.919E-23
2.2627E-18	4.208E-23
2.2649E-18	4.373E-23
2.2670E-18	4.542E-23
2.2692E-18	5.027E-23
2.2714E-18	5.894E-23
2.2736E-18	5.926E-23
2.2758E-18	5.880E-23
2.2779E-18	5.589E-23
2.2801E-18	5.229E-23
2.2823E-18	5.042E-23
2.2845E-18	5.049E-23
2.2867E-18	5.202E-23
2.2888E-18	5.148E-23
2.2910E-18	5.676E-23
2.2932E-18	5.594E-23
2.2954E-18	5.276E-23
2.2976E-18	6.175E-23
2.2997E-18	5.681E-23
2.3019E-18	4.377E-23
2.3041E-18	4.290E-23
2.3063E-18	4.331E-23
2.3085E-18	4.398E-23
2.3106E-18	4.342E-23
2.3128E-18	4.327E-23
2.3150E-18	4.293E-23
2.3172E-18	4.302E-23
2.3194E-18	4.394E-23
2.3215E-18	4.492E-23
2.3237E-18	4.492E-23
2.3259E-18	4.600E-23
2.3281E-18	4.704E-23
2.3303E-18	4.724E-23
2.3324E-18	4.627E-23
2.3346E-18	4.780E-23
2.3368E-18	4.670E-23
2.3390E-18	4.627E-23
2.3412E-18	4.604E-23
2.3433E-18	4.694E-23
2.3455E-18	4.685E-23
2.3477E-18	4.715E-23
2.3499E-18	4.696E-23
2.3520E-18	4.776E-23
2.3542E-18	4.688E-23
2.3564E-18	4.757E-23
2.3586E-18	4.847E-23
2.3608E-18	4.926E-23
2.3630E-18	4.990E-23
2.3651E-18	5.138E-23
2.3673E-18	5.172E-23
2.3695E-18	5.523E-23
2.3717E-18	5.526E-23
2.3739E-18	5.459E-23
2.3760E-18	4.845E-23
2.3782E-18	4.681E-23
2.3804E-18	4.843E-23
2.3826E-18	4.812E-23
2.3847E-18	4.852E-23
2.3869E-18	4.950E-23
2.3891E-18	5.098E-23
2.3913E-18	5.119E-23
2.3935E-18	5.011E-23
2.3978E-18	5.058E-23
2.4000E-18	4.968E-23
2.4022E-18	5.221E-23
2.4044E-18	5.173E-23
2.4066E-18	5.212E-23
2.4087E-18	5.248E-23
2.4109E-18	5.165E-23
2.4131E-18	4.929E-23
2.4153E-18	4.778E-23
2.4174E-18	4.702E-23
2.4196E-18	4.477E-23
2.4218E-18	4.402E-23
2.4240E-18	4.325E-23
2.4262E-18	4.190E-23
2.4283E-18	4.428E-23
2.4327E-18	4.381E-23
2.4349E-18	4.270E-23
2.4371E-18	4.535E-23
2.4393E-18	4.397E-23
2.4414E-18	3.839E-23
2.4436E-18	4.090E-23
2.4458E-18	3.964E-23
2.4480E-18	3.976E-23
2.4501E-18	3.911E-23
2.4523E-18	4.082E-23
2.4545E-18	4.100E-23
2.4567E-18	4.146E-23
2.4589E-18	4.274E-23
2.4610E-18	4.361E-23
2.4632E-18	4.354E-23
2.4654E-18	4.214E-23
2.4698E-18	4.449E-23
2.4719E-18	4.075E-23
2.4741E-18	4.164E-23
2.4763E-18	4.442E-23
2.4785E-18	4.378E-23
2.4807E-18	4.412E-23
2.4829E-18	4.516E-23
2.4850E-18	4.758E-23
2.4872E-18	4.822E-23
2.4894E-18	5.082E-23
2.4916E-18	5.151E-23
2.4937E-18	6.984E-23
2.4959E-18	5.169E-23
2.4981E-18	5.113E-23
2.5003E-18	4.892E-23
2.5025E-18	5.072E-23
2.5046E-18	5.043E-23
2.5068E-18	5.122E-23
2.5090E-18	5.275E-23
2.5112E-18	5.274E-23
2.5134E-18	5.161E-23
2.5156E-18	5.183E-23
2.5177E-18	5.286E-23
2.5199E-18	5.423E-23
2.5221E-18	5.400E-23
2.5243E-18	5.529E-23
2.5264E-18	5.614E-23
2.5286E-18	5.538E-23
2.5308E-18	5.824E-23
2.5330E-18	5.529E-23
2.5352E-18	5.541E-23
2.5373E-18	5.526E-23
2.5635E-18	5.215E-23
2.6837E-18	5.195E-23
2.7638E-18	6.852E-23
2.8038E-18	7.748E-23
2.8839E-18	6.892E-23
2.8920E-18	6.873E-23
2.9000E-18	6.717E-23
2.9080E-18	6.708E-23
2.9240E-18	6.600E-23
3.0842E-18	6.729E-23
3.2044E-18	5.928E-23
3.3646E-18	6.733E-23
3.5248E-18	6.072E-23
3.6850E-18	5.923E-23
3.8452E-18	4.995E-23
4.0055E-18	5.489E-23
4.8066E-18	3.706E-23
5.6077E-18	2.684E-23
6.4088E-18	2.056E-23
8.0109E-18	1.241E-23
9.6131E-18	9.816E-24
1.1215E-17	7.332E-24
1.2818E-17	5.821E-24
1.4420E-17	4.736E-24
1.6022E-17	3.866E-24
2.0027E-17	2.405E-24
2.4033E-17	1.612E-24
2.8038E-17	1.147E-24
3.2044E-17	8.544E-25
3.6049E-17	6.588E-25
4.0055E-17	5.195E-25
4.4060E-17	4.155E-25
4.8066E-17	3.308E-25
5.6076E-17	2.912E-25
8.0109E-17	2.163E-25
1.2016E-16	1.536E-25
1.6022E-16	1.202E-25
3.2044E-16	6.613E-26
4.8065E-16	4.644E-26
6.4087E-16	3.608E-26
8.0109E-16	2.964E-26
1.2016E-15	2.070E-26
1.4420E-15	1.760E-26
1.6022E-15	1.603E-26
2.0027E-15	1.313E-26
2.4033E-15	1.115E-26
4.0055E-15	7.048E-27
5.6076E-15	5.201E-27
8.0109E-15	3.765E-27
1.2016E-14	2.604E-27
1.6022E-14	2.003E-27
3.2044E-14	1.062E-27
4.8065E-14	7.315E-28
6.4087E-14	5.611E-28
8.0109E-14	4.566E-28
#-------------------------------------