# EXCITATION
# Energy (Joules) | Cross Section (m2)
#-------------------------------------
2.1271E-18	0.000E+00
2.1275E-18	9.769E-26
2.1297E-18	6.040E-25
2.1319E-18	1.577E-24
2.1341E-18	2.473E-24
2.1363E-18	3.384E-24
2.1384E-18	4.405E-24
2.1406E-18	4.977E-24
2.1428E-18	5.599E-24
2.1450E-18	6.431E-24
2.1471E-18	7.350E-24
2.1493E-18	8.266E-24
2.1515E-18	9.029E-24
2.1537E-18	9.413E-24
2.1559E-18	9.760E-24
2.1581E-18	1.010E-23
2.1602E-18	1.015E-23
2.1624E-18	1.018E-23
2.1646E-18	1.034E-23
2.1668E-18	1.047E-23
2.1690E-18	1.037E-23
2.1711E-18	1.060E-23
2.1733E-18	1.141E-23
2.1755E-18	1.033E-23
2.1777E-18	5.811E-24
2.1798E-18	5.850E-24
2.1820E-18	6.503E-24
2.1842E-18	7.614E-24
2.1864E-18	9.365E-24
2.1886E-18	1.065E-23
2.1907E-18	1.166E-23
2.1929E-18	1.256E-23
2.1951E-18	1.348E-23
2.1973E-18	1.433E-23
2.1995E-18	1.520E-23
2.2017E-18	1.599E-23
2.2038E-18	1.673E-23
2.2060E-18	1.739E-23
2.2082E-18	1.801E-23
2.2104E-18	1.856E-23
2.2125E-18	1.913E-23
2.2147E-18	1.958E-23
2.2169E-18	2.007E-23
2.2191E-18	2.056E-23
2.2213E-18	2.107E-23
2.2234E-18	2.161E-23
2.2256E-18	2.203E-23
2.2278E-18	2.245E-23
2.2300E-18	2.274E-23
2.2322E-18	2.292E-23
2.2343E-18	2.290E-23
2.2365E-18	2.286E-23
2.2387E-18	2.575E-23
2.2409E-18	3.541E-23
2.2431E-18	3.547E-23
2.2452E-18	3.434E-23
2.2474E-18	3.389E-23
2.2496E-18	3.430E-23
2.2518E-18	3.499E-23
2.2540E-18	3.576E-23
2.2561E-18	3.625E-23
2.2583E-18	4.011E-23
2.2605E-18	4.417E-23
2.2627E-18	4.832E-23
2.2649E-18	4.276E-23
2.2670E-18	4.008E-23
2.2692E-18	3.688E-23
2.2714E-18	3.333E-23
2.2736E-18	3.026E-23
2.2758E-18	2.847E-23
2.2779E-18	2.858E-23
2.2801E-18	2.780E-23
2.2823E-18	2.719E-23
2.2845E-18	2.628E-23
2.2867E-18	2.410E-23
2.2888E-18	2.509E-23
2.2910E-18	2.457E-23
2.2932E-18	2.514E-23
2.2954E-18	2.301E-23
2.2976E-18	2.370E-23
2.2997E-18	2.167E-23
2.3019E-18	2.224E-23
2.3041E-18	2.397E-23
2.3063E-18	2.417E-23
2.3085E-18	2.397E-23
2.3106E-18	2.335E-23
2.3128E-18	2.427E-23
2.3150E-18	2.429E-23
2.3172E-18	2.392E-23
2.3194E-18	2.336E-23
2.3215E-18	2.409E-23
2.3237E-18	2.303E-23
2.3259E-18	2.281E-23
2.3281E-18	2.323E-23
2.3303E-18	2.394E-23
2.3324E-18	2.405E-23
2.3346E-18	2.532E-23
2.3368E-18	2.428E-23
2.3390E-18	2.445E-23
2.3412E-18	2.445E-23
2.3433E-18	2.481E-23
2.3455E-18	2.509E-23
2.3477E-18	2.523E-23
2.3499E-18	2.490E-23
2.3520E-18	2.457E-23
2.3542E-18	2.414E-23
2.3564E-18	2.482E-23
2.3586E-18	2.541E-23
2.3608E-18	2.606E-23
2.3630E-18	2.640E-23
2.3651E-18	2.666E-23
2.3673E-18	2.759E-23
2.3695E-18	2.805E-23
2.3717E-18	2.818E-23
2.3739E-18	2.784E-23
2.3760E-18	2.776E-23
2.3782E-18	2.892E-23
2.3804E-18	2.766E-23
2.3826E-18	2.772E-23
2.3847E-18	2.703E-23
2.3869E-18	2.655E-23
2.3891E-18	2.637E-23
2.3913E-18	2.622E-23
2.3935E-18	2.627E-23
2.3978E-18	2.662E-23
2.4000E-18	2.652E-23
2.4022E-18	2.646E-23
2.4044E-18	2.678E-23
2.4066E-18	2.782E-23
2.4087E-18	2.691E-23
2.4109E-18	2.693E-23
2.4131E-18	2.751E-23
2.4153E-18	2.806E-23
2.4174E-18	2.707E-23
2.4196E-18	2.698E-23
2.4218E-18	2.613E-23
2.4240E-18	2.697E-23
2.4262E-18	2.560E-23
2.4283E-18	2.455E-23
2.4327E-18	2.310E-23
2.4349E-18	2.336E-23
2.4371E-18	2.243E-23
2.4393E-18	2.197E-23
2.4414E-18	2.185E-23
2.4436E-18	2.442E-23
2.4458E-18	2.570E-23
2.4480E-18	2.572E-23
2.4501E-18	2.594E-23
2.4523E-18	2.563E-23
2.4545E-18	2.616E-23
2.4567E-18	2.624E-23
2.4589E-18	2.644E-23
2.4610E-18	2.693E-23
2.4632E-18	2.800E-23
2.4654E-18	2.912E-23
2.4698E-18	3.026E-23
2.4719E-18	3.211E-23
2.4741E-18	3.145E-23
2.4763E-18	3.094E-23
2.4785E-18	3.170E-23
2.4807E-18	3.185E-23
2.4829E-18	3.227E-23
2.4850E-18	3.120E-23
2.4872E-18	3.232E-23
2.4894E-18	3.332E-23
2.4916E-18	3.434E-23
2.4937E-18	3.619E-23
2.4959E-18	3.500E-23
2.4981E-18	3.496E-23
2.5003E-18	3.414E-23
2.5025E-18	3.440E-23
2.5046E-18	3.576E-23
2.5068E-18	3.559E-23
2.5090E-18	3.645E-23
2.5112E-18	3.666E-23
2.5134E-18	3.725E-23
2.5156E-18	3.695E-23
2.5177E-18	3.722E-23
2.5199E-18	3.829E-23
2.5221E-18	3.723E-23
2.5243E-18	3.743E-23
2.5264E-18	3.703E-23
2.5286E-18	3.660E-23
2.5308E-18	4.561E-23
2.5330E-18	3.839E-23
2.5352E-18	3.743E-23
2.5373E-18	3.570E-23
2.5635E-18	3.949E-23
2.6837E-18	4.881E-23
2.7638E-18	5.550E-23
2.8038E-18	5.891E-23
2.8839E-18	5.503E-23
2.8920E-18	5.431E-23
2.9000E-18	5.316E-23
2.9080E-18	5.374E-23
2.9240E-18	5.738E-23
3.0842E-18	6.803E-23
3.2044E-18	5.824E-23
3.3646E-18	6.126E-23
3.5248E-18	5.042E-23
3.6850E-18	5.479E-23
3.8452E-18	4.937E-23
4.0055E-18	5.494E-23
4.8066E-18	4.166E-23
5.6077E-18	3.484E-23
6.4088E-18	2.548E-23
8.0109E-18	1.770E-23
9.6131E-18	1.465E-23
1.1215E-17	1.174E-23
1.2818E-17	9.343E-24
1.4420E-17	7.420E-24
1.6022E-17	6.038E-24
2.0027E-17	3.733E-24
2.4033E-17	2.506E-24
2.8038E-17	1.787E-24
3.2044E-17	1.336E-24
3.6049E-17	1.032E-24
4.0055E-17	8.146E-25
4.4060E-17	6.513E-25
4.8066E-17	5.187E-25
5.6076E-17	4.566E-25
8.0109E-17	3.391E-25
1.2016E-16	2.408E-25
1.6022E-16	1.885E-25
3.2044E-16	1.037E-25
4.8065E-16	7.281E-26
6.4087E-16	5.657E-26
8.0109E-16	4.647E-26
1.2016E-15	3.246E-26
1.4420E-15	2.760E-26
1.6022E-15	2.513E-26
2.0027E-15	2.059E-26
2.4033E-15	1.749E-26
4.0055E-15	1.105E-26
5.6076E-15	8.156E-27
8.0109E-15	5.903E-27
1.2016E-14	4.083E-27
1.6022E-14	3.141E-27
3.2044E-14	1.665E-27
4.8065E-14	1.147E-27
6.4087E-14	8.797E-28
8.0109E-14	7.159E-28
#-------------------------------------