# EXCITATION
# Energy (Joules) | Cross Section (m2)
#-------------------------------------
2.1499E-18	0.000E+00
2.1515E-18	2.248E-25
2.1537E-18	3.840E-25
2.1559E-18	5.300E-25
2.1581E-18	8.648E-25
2.1602E-18	1.059E-24
2.1624E-18	1.818E-24
2.1646E-18	1.874E-24
2.1668E-18	1.961E-24
2.1690E-18	2.153E-24
2.1711E-18	3.624E-24
2.1733E-18	6.634E-24
2.1755E-18	1.178E-23
2.1777E-18	4.504E-24
2.1798E-18	2.578E-24
2.1820E-18	2.328E-24
2.1842E-18	2.248E-24
2.1864E-18	2.701E-24
2.1886E-18	2.630E-24
2.1907E-18	2.922E-24
2.1929E-18	2.948E-24
2.1951E-18	3.042E-24
2.1973E-18	3.175E-24
2.1995E-18	3.327E-24
2.2017E-18	3.518E-24
2.2038E-18	3.728E-24
2.2060E-18	3.955E-24
2.2082E-18	4.480E-24
2.2104E-18	4.430E-24
2.2125E-18	4.630E-24
2.2147E-18	4.757E-24
2.2169E-18	4.912E-24
2.2191E-18	5.087E-24
2.2213E-18	5.236E-24
2.2234E-18	5.377E-24
2.2256E-18	5.567E-24
2.2278E-18	6.075E-24
2.2300E-18	5.818E-24
2.2322E-18	5.931E-24
2.2343E-18	6.040E-24
2.2365E-18	6.179E-24
2.2387E-18	6.547E-24
2.2409E-18	7.161E-24
2.2431E-18	7.097E-24
2.2452E-18	1.745E-23
2.2474E-18	7.750E-24
2.2496E-18	7.766E-24
2.2518E-18	7.933E-24
2.2540E-18	8.261E-24
2.2561E-18	8.867E-24
2.2583E-18	1.057E-23
2.2605E-18	1.186E-23
2.2627E-18	1.390E-23
2.2649E-18	1.608E-23
2.2670E-18	1.292E-23
2.2692E-18	1.196E-23
2.2714E-18	1.146E-23
2.2736E-18	1.151E-23
2.2758E-18	1.102E-23
2.2779E-18	9.688E-24
2.2801E-18	9.431E-24
2.2823E-18	9.047E-24
2.2845E-18	8.653E-24
2.2867E-18	7.349E-24
2.2888E-18	1.057E-23
2.2910E-18	9.587E-24
2.2932E-18	1.020E-23
2.2954E-18	1.160E-23
2.2976E-18	1.224E-23
2.2997E-18	1.125E-23
2.3019E-18	1.057E-23
2.3041E-18	7.521E-24
2.3063E-18	7.645E-24
2.3085E-18	7.629E-24
2.3106E-18	7.658E-24
2.3128E-18	7.699E-24
2.3150E-18	7.373E-24
2.3172E-18	8.336E-24
2.3194E-18	8.497E-24
2.3215E-18	8.735E-24
2.3237E-18	8.770E-24
2.3259E-18	9.073E-24
2.3281E-18	9.360E-24
2.3303E-18	9.552E-24
2.3324E-18	9.776E-24
2.3346E-18	1.080E-23
2.3368E-18	1.007E-23
2.3390E-18	1.014E-23
2.3412E-18	1.028E-23
2.3433E-18	1.044E-23
2.3455E-18	1.054E-23
2.3477E-18	1.090E-23
2.3499E-18	1.057E-23
2.3520E-18	1.058E-23
2.3542E-18	1.046E-23
2.3564E-18	1.198E-23
2.3586E-18	1.156E-23
2.3608E-18	1.192E-23
2.3630E-18	1.232E-23
2.3651E-18	1.249E-23
2.3673E-18	1.251E-23
2.3695E-18	1.231E-23
2.3717E-18	1.237E-23
2.3739E-18	1.235E-23
2.3760E-18	1.224E-23
2.3782E-18	1.239E-23
2.3804E-18	1.272E-23
2.3826E-18	1.352E-23
2.3847E-18	1.425E-23
2.3869E-18	1.411E-23
2.3891E-18	1.324E-23
2.3913E-18	1.258E-23
2.3935E-18	1.258E-23
2.3978E-18	1.358E-23
2.4000E-18	1.338E-23
2.4022E-18	1.354E-23
2.4044E-18	1.462E-23
2.4066E-18	1.466E-23
2.4087E-18	1.461E-23
2.4109E-18	1.451E-23
2.4131E-18	1.537E-23
2.4153E-18	1.515E-23
2.4174E-18	1.514E-23
2.4196E-18	1.513E-23
2.4218E-18	1.519E-23
2.4240E-18	1.507E-23
2.4262E-18	1.447E-23
2.4283E-18	1.450E-23
2.4327E-18	1.471E-23
2.4349E-18	1.489E-23
2.4371E-18	1.511E-23
2.4393E-18	1.516E-23
2.4414E-18	1.530E-23
2.4436E-18	1.499E-23
2.4458E-18	1.600E-23
2.4480E-18	1.579E-23
2.4501E-18	1.595E-23
2.4523E-18	1.596E-23
2.4545E-18	1.610E-23
2.4567E-18	1.772E-23
2.4589E-18	1.716E-23
2.4610E-18	1.749E-23
2.4632E-18	1.803E-23
2.4654E-18	1.820E-23
2.4698E-18	1.829E-23
2.4719E-18	1.837E-23
2.4741E-18	1.921E-23
2.4763E-18	1.871E-23
2.4785E-18	1.775E-23
2.4807E-18	1.748E-23
2.4829E-18	1.836E-23
2.4850E-18	1.881E-23
2.4872E-18	1.924E-23
2.4894E-18	1.940E-23
2.4916E-18	1.947E-23
2.4937E-18	2.114E-23
2.4959E-18	1.989E-23
2.4981E-18	2.017E-23
2.5003E-18	2.132E-23
2.5025E-18	2.120E-23
2.5046E-18	2.208E-23
2.5068E-18	2.211E-23
2.5090E-18	2.274E-23
2.5112E-18	2.312E-23
2.5134E-18	2.301E-23
2.5156E-18	2.356E-23
2.5177E-18	2.415E-23
2.5199E-18	2.387E-23
2.5221E-18	2.367E-23
2.5243E-18	2.384E-23
2.5264E-18	2.375E-23
2.5286E-18	2.404E-23
2.5308E-18	2.732E-23
2.5330E-18	2.513E-23
2.5352E-18	2.558E-23
2.5373E-18	2.589E-23
2.5635E-18	2.913E-23
2.6837E-18	3.796E-23
2.7638E-18	3.689E-23
2.8038E-18	3.957E-23
2.8839E-18	4.725E-23
2.8920E-18	4.813E-23
2.9000E-18	4.875E-23
2.9080E-18	4.856E-23
2.9240E-18	5.155E-23
3.0842E-18	6.839E-23
3.2044E-18	5.677E-23
3.3646E-18	6.305E-23
3.5248E-18	6.640E-23
3.6850E-18	7.500E-23
3.8452E-18	7.706E-23
4.0055E-18	8.083E-23
4.8066E-18	9.386E-23
5.6077E-18	9.375E-23
6.4088E-18	9.190E-23
8.0109E-18	8.301E-23
9.6131E-18	9.809E-23
1.1215E-17	9.261E-23
1.2818E-17	8.458E-23
1.4420E-17	7.822E-23
1.6022E-17	7.244E-23
2.0027E-17	6.028E-23
2.4033E-17	5.213E-23
2.8038E-17	4.621E-23
3.2044E-17	4.184E-23
3.6049E-17	3.849E-23
4.0055E-17	3.575E-23
4.4060E-17	3.350E-23
4.8066E-17	3.120E-23
5.6076E-17	2.746E-23
8.0109E-17	2.040E-23
1.2016E-16	1.448E-23
1.6022E-16	1.134E-23
3.2044E-16	6.236E-24
4.8065E-16	4.379E-24
6.4087E-16	3.403E-24
8.0109E-16	2.795E-24
1.2016E-15	1.952E-24
1.4420E-15	1.660E-24
1.6022E-15	1.511E-24
2.0027E-15	1.238E-24
2.4033E-15	1.052E-24
4.0055E-15	6.647E-25
5.6076E-15	4.906E-25
8.0109E-15	3.551E-25
1.2016E-14	2.456E-25
1.6022E-14	1.889E-25
3.2044E-14	1.001E-25
4.8065E-14	6.898E-26
6.4087E-14	5.292E-26
8.0109E-14	4.307E-26
#-------------------------------------