# SHELL IONIZATION
# Energy (Joules) | Cross Section (m2)
#-------------------------------------
5.1592E-16	2.244E-27
5.2395E-16	8.654E-27
5.3210E-16	1.517E-26
5.4038E-16	2.177E-26
5.4879E-16	2.844E-26
5.5733E-16	3.516E-26
5.6600E-16	4.191E-26
5.7481E-16	4.868E-26
5.8376E-16	5.546E-26
5.9284E-16	6.222E-26
6.0206E-16	6.897E-26
6.1143E-16	7.568E-26
6.2095E-16	8.235E-26
6.3061E-16	8.897E-26
6.4042E-16	9.553E-26
6.5038E-16	1.020E-25
6.6050E-16	1.084E-25
6.7078E-16	1.148E-25
6.8122E-16	1.210E-25
6.9182E-16	1.272E-25
7.0258E-16	1.333E-25
7.1352E-16	1.392E-25
7.2462E-16	1.451E-25
7.3589E-16	1.508E-25
7.4735E-16	1.565E-25
7.5897E-16	1.620E-25
7.7078E-16	1.674E-25
7.8278E-16	1.727E-25
7.9496E-16	1.779E-25
8.0733E-16	1.830E-25
8.1989E-16	1.879E-25
8.3265E-16	1.928E-25
8.4560E-16	1.975E-25
8.5876E-16	2.020E-25
8.7212E-16	2.065E-25
8.8569E-16	2.108E-25
8.9948E-16	2.150E-25
9.1347E-16	2.191E-25
9.2769E-16	2.231E-25
9.4212E-16	2.270E-25
9.5678E-16	2.307E-25
9.7167E-16	2.343E-25
9.8679E-16	2.378E-25
1.0021E-15	2.412E-25
1.0177E-15	2.445E-25
1.0336E-15	2.476E-25
1.0497E-15	2.506E-25
1.0660E-15	2.536E-25
1.0826E-15	2.564E-25
1.0994E-15	2.591E-25
1.1165E-15	2.617E-25
1.1339E-15	2.642E-25
1.1515E-15	2.666E-25
1.1695E-15	2.689E-25
1.1877E-15	2.710E-25
1.2061E-15	2.731E-25
1.2249E-15	2.751E-25
1.2440E-15	2.770E-25
1.2633E-15	2.788E-25
1.2830E-15	2.805E-25
1.3029E-15	2.821E-25
1.3232E-15	2.836E-25
1.3438E-15	2.850E-25
1.3647E-15	2.864E-25
1.3860E-15	2.876E-25
1.4075E-15	2.888E-25
1.4294E-15	2.899E-25
1.4517E-15	2.909E-25
1.4743E-15	2.918E-25
1.4972E-15	2.926E-25
1.5205E-15	2.934E-25
1.5441E-15	2.941E-25
1.5682E-15	2.947E-25
1.5926E-15	2.953E-25
1.6174E-15	2.958E-25
1.6425E-15	2.962E-25
1.6681E-15	2.965E-25
1.6940E-15	2.968E-25
1.7204E-15	2.970E-25
1.7472E-15	2.972E-25
1.7743E-15	2.973E-25
1.8020E-15	2.973E-25
1.8300E-15	2.973E-25
1.8585E-15	2.972E-25
1.8874E-15	2.971E-25
1.9168E-15	2.969E-25
1.9466E-15	2.967E-25
1.9769E-15	2.964E-25
2.0076E-15	2.960E-25
2.0389E-15	2.957E-25
2.0706E-15	2.952E-25
2.1028E-15	2.947E-25
2.1355E-15	2.942E-25
2.1688E-15	2.937E-25
2.2025E-15	2.930E-25
2.2368E-15	2.924E-25
2.2716E-15	2.917E-25
2.3069E-15	2.910E-25
2.3428E-15	2.902E-25
2.3793E-15	2.894E-25
2.4163E-15	2.885E-25
2.4539E-15	2.877E-25
2.4921E-15	2.868E-25
2.5309E-15	2.858E-25
2.5703E-15	2.849E-25
2.6102E-15	2.839E-25
2.6509E-15	2.828E-25
2.6921E-15	2.818E-25
2.7340E-15	2.807E-25
2.7765E-15	2.796E-25
2.8197E-15	2.784E-25
2.8636E-15	2.773E-25
2.9082E-15	2.761E-25
2.9534E-15	2.749E-25
2.9994E-15	2.736E-25
3.0461E-15	2.724E-25
3.0935E-15	2.711E-25
3.1416E-15	2.698E-25
3.1905E-15	2.685E-25
3.2401E-15	2.672E-25
3.2905E-15	2.659E-25
3.3417E-15	2.645E-25
3.3937E-15	2.631E-25
3.4465E-15	2.617E-25
3.5002E-15	2.603E-25
3.5546E-15	2.589E-25
3.6099E-15	2.575E-25
3.6661E-15	2.560E-25
3.7232E-15	2.546E-25
3.7811E-15	2.531E-25
3.8399E-15	2.517E-25
3.8997E-15	2.502E-25
3.9604E-15	2.487E-25
4.0220E-15	2.472E-25
4.0846E-15	2.457E-25
4.1481E-15	2.442E-25
4.2127E-15	2.427E-25
4.2782E-15	2.411E-25
4.3448E-15	2.396E-25
4.4124E-15	2.381E-25
4.4811E-15	2.365E-25
4.5508E-15	2.350E-25
4.6216E-15	2.334E-25
4.6935E-15	2.319E-25
4.7665E-15	2.303E-25
4.8407E-15	2.288E-25
4.9160E-15	2.272E-25
4.9925E-15	2.257E-25
5.0702E-15	2.241E-25
5.1491E-15	2.226E-25
5.2292E-15	2.210E-25
5.3106E-15	2.195E-25
5.3932E-15	2.179E-25
5.4771E-15	2.164E-25
5.5624E-15	2.148E-25
5.6489E-15	2.133E-25
5.7368E-15	2.117E-25
5.8261E-15	2.102E-25
5.9167E-15	2.086E-25
6.0088E-15	2.071E-25
6.1023E-15	2.056E-25
6.1972E-15	2.040E-25
6.2937E-15	2.025E-25
6.3916E-15	2.010E-25
6.4911E-15	1.995E-25
6.5921E-15	1.980E-25
6.6946E-15	1.965E-25
6.7988E-15	1.950E-25
6.9046E-15	1.935E-25
7.0120E-15	1.920E-25
7.1211E-15	1.905E-25
7.2320E-15	1.890E-25
7.3445E-15	1.876E-25
7.4588E-15	1.861E-25
7.5748E-15	1.846E-25
7.6927E-15	1.832E-25
7.8124E-15	1.818E-25
7.9340E-15	1.803E-25
8.0574E-15	1.789E-25
8.1828E-15	1.775E-25
8.3101E-15	1.761E-25
8.4394E-15	1.747E-25
8.5707E-15	1.733E-25
8.7041E-15	1.719E-25
8.8395E-15	1.705E-25
8.9771E-15	1.692E-25
9.1168E-15	1.678E-25
9.2586E-15	1.665E-25
9.4027E-15	1.651E-25
9.5490E-15	1.638E-25
9.6976E-15	1.625E-25
9.8485E-15	1.612E-25
1.0002E-14	1.599E-25
1.0157E-14	1.586E-25
1.0315E-14	1.573E-25
1.0476E-14	1.560E-25
1.0639E-14	1.547E-25
1.0804E-14	1.535E-25
1.0973E-14	1.522E-25
1.1143E-14	1.510E-25
1.1317E-14	1.498E-25
1.1493E-14	1.486E-25
1.1672E-14	1.474E-25
1.1853E-14	1.462E-25
1.2038E-14	1.450E-25
1.2225E-14	1.438E-25
1.2415E-14	1.427E-25
1.2608E-14	1.415E-25
1.2805E-14	1.404E-25
1.3004E-14	1.392E-25
1.3206E-14	1.381E-25
1.3412E-14	1.370E-25
1.3620E-14	1.359E-25
1.3832E-14	1.348E-25
1.4048E-14	1.337E-25
1.4266E-14	1.326E-25
1.4488E-14	1.316E-25
1.4714E-14	1.305E-25
1.4942E-14	1.295E-25
1.5175E-14	1.285E-25
1.5411E-14	1.274E-25
1.5651E-14	1.264E-25
1.5894E-14	1.254E-25
1.6142E-14	1.245E-25
1.6393E-14	1.235E-25
1.6648E-14	1.225E-25
1.6907E-14	1.215E-25
1.7170E-14	1.206E-25
1.7437E-14	1.197E-25
1.7709E-14	1.187E-25
1.7984E-14	1.178E-25
1.8264E-14	1.169E-25
1.8548E-14	1.160E-25
1.8837E-14	1.151E-25
1.9130E-14	1.142E-25
1.9428E-14	1.134E-25
1.9730E-14	1.125E-25
2.0037E-14	1.117E-25
2.0349E-14	1.108E-25
2.0665E-14	1.100E-25
2.0987E-14	1.092E-25
2.1313E-14	1.084E-25
2.1645E-14	1.076E-25
2.1982E-14	1.068E-25
2.2324E-14	1.060E-25
2.2671E-14	1.052E-25
2.3024E-14	1.045E-25
2.3382E-14	1.037E-25
2.3746E-14	1.030E-25
2.4116E-14	1.023E-25
2.4491E-14	1.015E-25
2.4872E-14	1.008E-25
2.5259E-14	1.001E-25
2.5652E-14	9.941E-26
2.6051E-14	9.872E-26
2.6457E-14	9.805E-26
2.6868E-14	9.738E-26
2.7286E-14	9.672E-26
2.7711E-14	9.607E-26
2.8142E-14	9.542E-26
2.8580E-14	9.479E-26
2.9025E-14	9.417E-26
2.9476E-14	9.355E-26
2.9935E-14	9.294E-26
3.0401E-14	9.234E-26
3.0874E-14	9.175E-26
3.1354E-14	9.117E-26
3.1842E-14	9.060E-26
3.2337E-14	9.003E-26
3.2841E-14	8.947E-26
3.3352E-14	8.892E-26
3.3871E-14	8.838E-26
3.4398E-14	8.785E-26
3.4933E-14	8.732E-26
3.5476E-14	8.681E-26
3.6028E-14	8.630E-26
3.6589E-14	8.580E-26
3.7158E-14	8.530E-26
3.7737E-14	8.482E-26
3.8324E-14	8.434E-26
3.8920E-14	8.387E-26
3.9526E-14	8.341E-26
4.0141E-14	8.295E-26
4.0765E-14	8.251E-26
4.1400E-14	8.207E-26
4.2044E-14	8.163E-26
4.2698E-14	8.121E-26
4.3362E-14	8.079E-26
4.4037E-14	8.038E-26
4.4722E-14	7.998E-26
4.5418E-14	7.958E-26
4.6125E-14	7.919E-26
4.6843E-14	7.881E-26
4.7572E-14	7.843E-26
4.8312E-14	7.806E-26
4.9064E-14	7.770E-26
4.9827E-14	7.734E-26
5.0602E-14	7.700E-26
5.1390E-14	7.665E-26
5.2189E-14	7.632E-26
5.3001E-14	7.599E-26
5.3826E-14	7.567E-26
5.4664E-14	7.535E-26
5.5514E-14	7.504E-26
5.6378E-14	7.474E-26
5.7255E-14	7.444E-26
5.8146E-14	7.415E-26
5.9051E-14	7.387E-26
5.9970E-14	7.359E-26
6.0903E-14	7.332E-26
6.1851E-14	7.305E-26
6.2813E-14	7.279E-26
6.3791E-14	7.254E-26
6.4783E-14	7.229E-26
6.5791E-14	7.205E-26
6.6815E-14	7.181E-26
6.7855E-14	7.158E-26
6.8910E-14	7.135E-26
6.9983E-14	7.113E-26
7.1072E-14	7.092E-26
7.2177E-14	7.071E-26
7.3301E-14	7.051E-26
7.4441E-14	7.031E-26
7.5599E-14	7.012E-26
7.6776E-14	6.993E-26
7.7970E-14	6.975E-26
7.9184E-14	6.957E-26
8.0416E-14	6.940E-26
8.1667E-14	6.923E-26
8.2938E-14	6.907E-26
8.4228E-14	6.892E-26
8.5539E-14	6.877E-26
8.6870E-14	6.862E-26
8.8222E-14	6.848E-26
8.9594E-14	6.834E-26
9.0989E-14	6.821E-26
9.2404E-14	6.808E-26
9.3842E-14	6.796E-26
9.5302E-14	6.785E-26
9.6785E-14	6.773E-26
9.8291E-14	6.763E-26
9.9821E-14	6.752E-26
1.0137E-13	6.742E-26
1.0295E-13	6.733E-26
1.0455E-13	6.724E-26
1.0618E-13	6.715E-26
1.0783E-13	6.707E-26
1.0951E-13	6.700E-26
1.1121E-13	6.692E-26
1.1294E-13	6.685E-26
1.1470E-13	6.679E-26
1.1649E-13	6.673E-26
1.1830E-13	6.667E-26
1.2014E-13	6.662E-26
1.2201E-13	6.658E-26
1.2391E-13	6.653E-26
1.2584E-13	6.649E-26
1.2779E-13	6.646E-26
1.2978E-13	6.642E-26
1.3180E-13	6.639E-26
1.3385E-13	6.637E-26
1.3594E-13	6.635E-26
1.3805E-13	6.633E-26
1.4020E-13	6.632E-26
1.4238E-13	6.631E-26
1.4460E-13	6.630E-26
1.4685E-13	6.630E-26
1.4913E-13	6.630E-26
1.5145E-13	6.631E-26
1.5381E-13	6.631E-26
1.5620E-13	6.632E-26
1.5863E-13	6.634E-26
1.6110E-13	6.636E-26
1.6361E-13	6.638E-26
1.6615E-13	6.640E-26
1.6874E-13	6.643E-26
1.7136E-13	6.646E-26
1.7403E-13	6.649E-26
1.7674E-13	6.653E-26
1.7949E-13	6.657E-26
1.8228E-13	6.661E-26
1.8512E-13	6.666E-26
1.8800E-13	6.671E-26
1.9092E-13	6.676E-26
1.9389E-13	6.681E-26
1.9691E-13	6.687E-26
1.9998E-13	6.693E-26
2.0309E-13	6.700E-26
2.0625E-13	6.706E-26
2.0946E-13	6.713E-26
2.1272E-13	6.720E-26
2.1603E-13	6.727E-26
2.1939E-13	6.735E-26
2.2280E-13	6.743E-26
2.2627E-13	6.751E-26
2.2979E-13	6.760E-26
2.3336E-13	6.768E-26
2.3699E-13	6.777E-26
2.4068E-13	6.786E-26
2.4443E-13	6.796E-26
2.4823E-13	6.805E-26
2.5209E-13	6.815E-26
2.5602E-13	6.825E-26
2.6000E-13	6.836E-26
2.6405E-13	6.846E-26
2.6815E-13	6.857E-26
2.7233E-13	6.868E-26
2.7656E-13	6.879E-26
2.8087E-13	6.891E-26
2.8524E-13	6.902E-26
2.8968E-13	6.914E-26
2.9418E-13	6.926E-26
2.9876E-13	6.938E-26
3.0341E-13	6.951E-26
3.0813E-13	6.963E-26
3.1293E-13	6.976E-26
3.1779E-13	6.989E-26
3.2274E-13	7.002E-26
3.2776E-13	7.016E-26
3.3286E-13	7.029E-26
3.3804E-13	7.043E-26
3.4330E-13	7.057E-26
3.4864E-13	7.071E-26
3.5407E-13	7.085E-26
3.5958E-13	7.100E-26
3.6517E-13	7.114E-26
3.7085E-13	7.129E-26
3.7662E-13	7.144E-26
3.8248E-13	7.159E-26
3.8844E-13	7.174E-26
3.9448E-13	7.190E-26
4.0062E-13	7.205E-26
4.0685E-13	7.221E-26
4.1318E-13	7.237E-26
4.1961E-13	7.253E-26
4.2614E-13	7.269E-26
4.3277E-13	7.285E-26
4.3951E-13	7.302E-26
4.4635E-13	7.318E-26
4.5329E-13	7.335E-26
4.6034E-13	7.352E-26
4.6751E-13	7.369E-26
4.7478E-13	7.386E-26
4.8217E-13	7.403E-26
4.8967E-13	7.420E-26
4.9729E-13	7.438E-26
5.0503E-13	7.455E-26
5.1289E-13	7.473E-26
5.2087E-13	7.491E-26
5.2897E-13	7.509E-26
5.3720E-13	7.527E-26
5.4556E-13	7.545E-26
5.5405E-13	7.563E-26
5.6267E-13	7.581E-26
5.7143E-13	7.600E-26
5.8032E-13	7.618E-26
5.8935E-13	7.637E-26
5.9852E-13	7.656E-26
6.0783E-13	7.674E-26
6.1729E-13	7.693E-26
6.2690E-13	7.712E-26
6.3665E-13	7.732E-26
6.4656E-13	7.751E-26
6.5662E-13	7.770E-26
6.6684E-13	7.790E-26
6.7721E-13	7.809E-26
6.8775E-13	7.829E-26
6.9845E-13	7.848E-26
7.0932E-13	7.868E-26
7.2036E-13	7.888E-26
7.3156E-13	7.908E-26
7.4295E-13	7.928E-26
7.5451E-13	7.948E-26
7.6625E-13	7.968E-26
7.7817E-13	7.988E-26
7.9028E-13	8.008E-26
8.0258E-13	8.029E-26
8.1507E-13	8.049E-26
8.2775E-13	8.070E-26
8.4063E-13	8.090E-26
8.5371E-13	8.111E-26
8.6699E-13	8.132E-26
8.8048E-13	8.152E-26
8.9418E-13	8.173E-26
9.0810E-13	8.194E-26
9.2223E-13	8.215E-26
9.3658E-13	8.236E-26
9.5115E-13	8.257E-26
9.6595E-13	8.278E-26
9.8098E-13	8.299E-26
9.9625E-13	8.321E-26
1.0117E-12	8.342E-26
1.0275E-12	8.363E-26
1.0435E-12	8.385E-26
1.0597E-12	8.406E-26
1.0762E-12	8.428E-26
1.0930E-12	8.449E-26
1.1100E-12	8.471E-26
1.1272E-12	8.492E-26
1.1448E-12	8.514E-26
1.1626E-12	8.536E-26
1.1807E-12	8.558E-26
1.1990E-12	8.579E-26
1.2177E-12	8.601E-26
1.2366E-12	8.623E-26
1.2559E-12	8.645E-26
1.2754E-12	8.667E-26
1.2953E-12	8.689E-26
1.3154E-12	8.711E-26
1.3359E-12	8.733E-26
1.3567E-12	8.756E-26
1.3778E-12	8.778E-26
1.3992E-12	8.800E-26
1.4210E-12	8.822E-26
1.4431E-12	8.845E-26
1.4656E-12	8.867E-26
1.4884E-12	8.889E-26
1.5115E-12	8.912E-26
1.5351E-12	8.934E-26
1.5589E-12	8.957E-26
1.5832E-12	8.979E-26
1.6078E-12	9.002E-26
1.6329E-12	9.024E-26
1.6583E-12	9.047E-26
1.6841E-12	9.069E-26
1.7103E-12	9.092E-26
1.7369E-12	9.115E-26
1.7639E-12	9.138E-26
1.7914E-12	9.160E-26
1.8192E-12	9.183E-26
1.8475E-12	9.206E-26
1.8763E-12	9.229E-26
1.9055E-12	9.252E-26
1.9351E-12	9.274E-26
1.9652E-12	9.297E-26
1.9958E-12	9.320E-26
2.0269E-12	9.343E-26
2.0584E-12	9.366E-26
2.0904E-12	9.389E-26
2.1230E-12	9.412E-26
2.1560E-12	9.435E-26
2.1896E-12	9.458E-26
2.2236E-12	9.481E-26
2.2582E-12	9.504E-26
2.2934E-12	9.528E-26
2.3290E-12	9.551E-26
2.3653E-12	9.574E-26
2.4021E-12	9.597E-26
2.4395E-12	9.620E-26
2.4774E-12	9.643E-26
2.5160E-12	9.667E-26
2.5551E-12	9.690E-26
2.5949E-12	9.713E-26
2.6353E-12	9.737E-26
2.6763E-12	9.760E-26
2.7179E-12	9.783E-26
2.7602E-12	9.807E-26
2.8032E-12	9.830E-26
2.8468E-12	9.853E-26
2.8911E-12	9.877E-26
2.9361E-12	9.900E-26
2.9817E-12	9.923E-26
3.0281E-12	9.947E-26
3.0753E-12	9.970E-26
3.1231E-12	9.994E-26
3.1717E-12	1.002E-25
3.2211E-12	1.004E-25
3.2712E-12	1.006E-25
3.3221E-12	1.009E-25
3.3738E-12	1.011E-25
3.4263E-12	1.013E-25
3.4796E-12	1.016E-25
3.5337E-12	1.018E-25
3.5887E-12	1.021E-25
3.6445E-12	1.023E-25
3.7013E-12	1.025E-25
3.7588E-12	1.028E-25
3.8173E-12	1.030E-25
3.8767E-12	1.032E-25
3.9371E-12	1.035E-25
3.9983E-12	1.037E-25
4.0605E-12	1.039E-25
4.1237E-12	1.042E-25
4.1879E-12	1.044E-25
4.2530E-12	1.047E-25
4.3192E-12	1.049E-25
4.3864E-12	1.051E-25
4.4547E-12	1.054E-25
4.5240E-12	1.056E-25
4.5944E-12	1.058E-25
4.6659E-12	1.061E-25
4.7385E-12	1.063E-25
4.8122E-12	1.066E-25
4.8871E-12	1.068E-25
4.9631E-12	1.070E-25
5.0404E-12	1.073E-25
5.1188E-12	1.075E-25
5.1984E-12	1.077E-25
5.2793E-12	1.080E-25
5.3615E-12	1.082E-25
5.4449E-12	1.085E-25
5.5296E-12	1.087E-25
5.6157E-12	1.089E-25
5.7031E-12	1.092E-25
5.7918E-12	1.094E-25
5.8819E-12	1.097E-25
5.9734E-12	1.099E-25
6.0664E-12	1.101E-25
6.1608E-12	1.104E-25
6.2566E-12	1.106E-25
6.3540E-12	1.108E-25
6.4529E-12	1.111E-25
6.5533E-12	1.113E-25
6.6553E-12	1.116E-25
6.7588E-12	1.118E-25
6.8640E-12	1.120E-25
6.9708E-12	1.123E-25
7.0792E-12	1.125E-25
7.1894E-12	1.128E-25
7.3013E-12	1.130E-25
7.4149E-12	1.132E-25
7.5303E-12	1.135E-25
7.6474E-12	1.137E-25
7.7664E-12	1.140E-25
7.8873E-12	1.142E-25
8.0100E-12	1.144E-25
#-------------------------------------
