# SHELL IONIZATION
# Energy (Joules) | Cross Section (m2)
#-------------------------------------
4.7213E-18	3.567E-23
4.7947E-18	1.065E-22
4.8694E-18	1.783E-22
4.9451E-18	2.509E-22
5.0221E-18	3.240E-22
5.1002E-18	3.975E-22
5.1796E-18	4.712E-22
5.2602E-18	5.449E-22
5.3420E-18	6.186E-22
5.4251E-18	6.920E-22
5.5096E-18	7.650E-22
5.5953E-18	8.376E-22
5.6823E-18	9.096E-22
5.7708E-18	9.809E-22
5.8606E-18	1.051E-21
5.9518E-18	1.121E-21
6.0444E-18	1.190E-21
6.1384E-18	1.258E-21
6.2339E-18	1.325E-21
6.3309E-18	1.391E-21
6.4294E-18	1.455E-21
6.5295E-18	1.519E-21
6.6311E-18	1.581E-21
6.7343E-18	1.642E-21
6.8391E-18	1.702E-21
6.9455E-18	1.761E-21
7.0535E-18	1.818E-21
7.1633E-18	1.874E-21
7.2748E-18	1.929E-21
7.3880E-18	1.982E-21
7.5029E-18	2.034E-21
7.6197E-18	2.085E-21
7.7382E-18	2.134E-21
7.8586E-18	2.182E-21
7.9809E-18	2.229E-21
8.1051E-18	2.274E-21
8.2312E-18	2.319E-21
8.3593E-18	2.361E-21
8.4894E-18	2.403E-21
8.6215E-18	2.443E-21
8.7556E-18	2.482E-21
8.8919E-18	2.519E-21
9.0302E-18	2.556E-21
9.1707E-18	2.591E-21
9.3134E-18	2.625E-21
9.4583E-18	2.658E-21
9.6055E-18	2.689E-21
9.7550E-18	2.719E-21
9.9068E-18	2.748E-21
1.0061E-17	2.776E-21
1.0217E-17	2.803E-21
1.0376E-17	2.829E-21
1.0538E-17	2.853E-21
1.0702E-17	2.877E-21
1.0868E-17	2.899E-21
1.1038E-17	2.921E-21
1.1209E-17	2.941E-21
1.1384E-17	2.961E-21
1.1561E-17	2.979E-21
1.1741E-17	2.996E-21
1.1923E-17	3.013E-21
1.2109E-17	3.028E-21
1.2297E-17	3.043E-21
1.2489E-17	3.057E-21
1.2683E-17	3.069E-21
1.2880E-17	3.081E-21
1.3081E-17	3.092E-21
1.3284E-17	3.103E-21
1.3491E-17	3.112E-21
1.3701E-17	3.121E-21
1.3914E-17	3.128E-21
1.4131E-17	3.136E-21
1.4351E-17	3.142E-21
1.4574E-17	3.147E-21
1.4801E-17	3.152E-21
1.5031E-17	3.156E-21
1.5265E-17	3.160E-21
1.5502E-17	3.163E-21
1.5744E-17	3.165E-21
1.5989E-17	3.166E-21
1.6237E-17	3.167E-21
1.6490E-17	3.167E-21
1.6747E-17	3.167E-21
1.7007E-17	3.166E-21
1.7272E-17	3.165E-21
1.7541E-17	3.163E-21
1.7813E-17	3.160E-21
1.8091E-17	3.157E-21
1.8372E-17	3.153E-21
1.8658E-17	3.149E-21
1.8948E-17	3.144E-21
1.9243E-17	3.139E-21
1.9543E-17	3.134E-21
1.9847E-17	3.128E-21
2.0155E-17	3.121E-21
2.0469E-17	3.114E-21
2.0788E-17	3.107E-21
2.1111E-17	3.099E-21
2.1440E-17	3.091E-21
2.1773E-17	3.082E-21
2.2112E-17	3.074E-21
2.2456E-17	3.064E-21
2.2805E-17	3.055E-21
2.3160E-17	3.045E-21
2.3521E-17	3.034E-21
2.3887E-17	3.024E-21
2.4258E-17	3.013E-21
2.4636E-17	3.001E-21
2.5019E-17	2.990E-21
2.5408E-17	2.978E-21
2.5804E-17	2.966E-21
2.6205E-17	2.953E-21
2.6613E-17	2.941E-21
2.7027E-17	2.928E-21
2.7448E-17	2.915E-21
2.7875E-17	2.901E-21
2.8309E-17	2.888E-21
2.8749E-17	2.874E-21
2.9196E-17	2.860E-21
2.9651E-17	2.845E-21
3.0112E-17	2.831E-21
3.0581E-17	2.816E-21
3.1056E-17	2.801E-21
3.1540E-17	2.786E-21
3.2030E-17	2.771E-21
3.2529E-17	2.756E-21
3.3035E-17	2.740E-21
3.3549E-17	2.725E-21
3.4071E-17	2.709E-21
3.4601E-17	2.693E-21
3.5140E-17	2.677E-21
3.5686E-17	2.661E-21
3.6242E-17	2.644E-21
3.6806E-17	2.628E-21
3.7378E-17	2.611E-21
3.7960E-17	2.595E-21
3.8551E-17	2.578E-21
3.9151E-17	2.561E-21
3.9760E-17	2.544E-21
4.0378E-17	2.527E-21
4.1007E-17	2.510E-21
4.1645E-17	2.493E-21
4.2293E-17	2.476E-21
4.2951E-17	2.458E-21
4.3619E-17	2.441E-21
4.4298E-17	2.424E-21
4.4987E-17	2.406E-21
4.5687E-17	2.389E-21
4.6398E-17	2.372E-21
4.7120E-17	2.354E-21
4.7853E-17	2.337E-21
4.8598E-17	2.319E-21
4.9354E-17	2.301E-21
5.0122E-17	2.284E-21
5.0902E-17	2.266E-21
5.1694E-17	2.249E-21
5.2498E-17	2.231E-21
5.3315E-17	2.213E-21
5.4145E-17	2.196E-21
5.4987E-17	2.178E-21
5.5843E-17	2.161E-21
5.6712E-17	2.143E-21
5.7594E-17	2.126E-21
5.8490E-17	2.108E-21
5.9401E-17	2.091E-21
6.0325E-17	2.073E-21
6.1264E-17	2.056E-21
6.2217E-17	2.038E-21
6.3185E-17	2.021E-21
6.4168E-17	2.004E-21
6.5167E-17	1.986E-21
6.6181E-17	1.969E-21
6.7210E-17	1.952E-21
6.8256E-17	1.935E-21
6.9318E-17	1.918E-21
7.0397E-17	1.900E-21
7.1492E-17	1.883E-21
7.2605E-17	1.867E-21
7.3734E-17	1.850E-21
7.4882E-17	1.833E-21
7.6047E-17	1.816E-21
7.7230E-17	1.799E-21
7.8432E-17	1.783E-21
7.9652E-17	1.766E-21
8.0892E-17	1.750E-21
8.2150E-17	1.733E-21
8.3429E-17	1.717E-21
8.4727E-17	1.701E-21
8.6045E-17	1.685E-21
8.7384E-17	1.669E-21
8.8744E-17	1.653E-21
9.0125E-17	1.637E-21
9.1527E-17	1.621E-21
9.2951E-17	1.605E-21
9.4398E-17	1.589E-21
9.5866E-17	1.574E-21
9.7358E-17	1.558E-21
9.8873E-17	1.543E-21
1.0041E-16	1.528E-21
1.0197E-16	1.512E-21
1.0356E-16	1.497E-21
1.0517E-16	1.482E-21
1.0681E-16	1.467E-21
1.0847E-16	1.452E-21
1.1016E-16	1.438E-21
1.1187E-16	1.423E-21
1.1361E-16	1.408E-21
1.1538E-16	1.394E-21
1.1718E-16	1.380E-21
1.1900E-16	1.365E-21
1.2085E-16	1.351E-21
1.2273E-16	1.337E-21
1.2464E-16	1.323E-21
1.2658E-16	1.309E-21
1.2855E-16	1.295E-21
1.3055E-16	1.282E-21
1.3258E-16	1.268E-21
1.3465E-16	1.255E-21
1.3674E-16	1.241E-21
1.3887E-16	1.228E-21
1.4103E-16	1.215E-21
1.4322E-16	1.202E-21
1.4545E-16	1.189E-21
1.4772E-16	1.176E-21
1.5001E-16	1.163E-21
1.5235E-16	1.151E-21
1.5472E-16	1.138E-21
1.5713E-16	1.126E-21
1.5957E-16	1.113E-21
1.6205E-16	1.101E-21
1.6458E-16	1.089E-21
1.6714E-16	1.077E-21
1.6974E-16	1.065E-21
1.7238E-16	1.053E-21
1.7506E-16	1.042E-21
1.7778E-16	1.030E-21
1.8055E-16	1.019E-21
1.8336E-16	1.007E-21
1.8621E-16	9.959E-22
1.8911E-16	9.847E-22
1.9205E-16	9.736E-22
1.9504E-16	9.626E-22
1.9808E-16	9.517E-22
2.0116E-16	9.409E-22
2.0429E-16	9.302E-22
2.0747E-16	9.196E-22
2.1070E-16	9.091E-22
2.1397E-16	8.987E-22
2.1730E-16	8.883E-22
2.2069E-16	8.781E-22
2.2412E-16	8.680E-22
2.2761E-16	8.580E-22
2.3115E-16	8.481E-22
2.3474E-16	8.383E-22
2.3840E-16	8.286E-22
2.4211E-16	8.189E-22
2.4587E-16	8.094E-22
2.4970E-16	8.000E-22
2.5359E-16	7.906E-22
2.5753E-16	7.814E-22
2.6154E-16	7.722E-22
2.6561E-16	7.631E-22
2.6974E-16	7.542E-22
2.7394E-16	7.453E-22
2.7820E-16	7.365E-22
2.8253E-16	7.278E-22
2.8693E-16	7.192E-22
2.9139E-16	7.106E-22
2.9592E-16	7.022E-22
3.0053E-16	6.938E-22
3.0521E-16	6.856E-22
3.0995E-16	6.774E-22
3.1478E-16	6.693E-22
3.1968E-16	6.613E-22
3.2465E-16	6.534E-22
3.2970E-16	6.455E-22
3.3483E-16	6.378E-22
3.4004E-16	6.301E-22
3.4533E-16	6.225E-22
3.5071E-16	6.150E-22
3.5616E-16	6.076E-22
3.6171E-16	6.002E-22
3.6733E-16	5.930E-22
3.7305E-16	5.858E-22
3.7885E-16	5.787E-22
3.8475E-16	5.717E-22
3.9074E-16	5.647E-22
3.9682E-16	5.578E-22
4.0299E-16	5.510E-22
4.0926E-16	5.443E-22
4.1563E-16	5.376E-22
4.2210E-16	5.311E-22
4.2866E-16	5.246E-22
4.3533E-16	5.181E-22
4.4211E-16	5.118E-22
4.4899E-16	5.055E-22
4.5597E-16	4.993E-22
4.6307E-16	4.931E-22
4.7027E-16	4.870E-22
4.7759E-16	4.810E-22
4.8502E-16	4.751E-22
4.9257E-16	4.692E-22
5.0023E-16	4.634E-22
5.0802E-16	4.577E-22
5.1592E-16	4.520E-22
5.2395E-16	4.464E-22
5.3210E-16	4.409E-22
5.4038E-16	4.354E-22
5.4879E-16	4.300E-22
5.5733E-16	4.246E-22
5.6600E-16	4.193E-22
5.7481E-16	4.141E-22
5.8376E-16	4.089E-22
5.9284E-16	4.038E-22
6.0206E-16	3.988E-22
6.1143E-16	3.938E-22
6.2095E-16	3.889E-22
6.3061E-16	3.840E-22
6.4042E-16	3.792E-22
6.5038E-16	3.744E-22
6.6050E-16	3.697E-22
6.7078E-16	3.651E-22
6.8122E-16	3.605E-22
6.9182E-16	3.560E-22
7.0258E-16	3.515E-22
7.1352E-16	3.471E-22
7.2462E-16	3.427E-22
7.3589E-16	3.384E-22
7.4735E-16	3.341E-22
7.5897E-16	3.299E-22
7.7078E-16	3.257E-22
7.8278E-16	3.216E-22
7.9496E-16	3.175E-22
8.0733E-16	3.135E-22
8.1989E-16	3.095E-22
8.3265E-16	3.056E-22
8.4560E-16	3.017E-22
8.5876E-16	2.979E-22
8.7212E-16	2.941E-22
8.8569E-16	2.904E-22
8.9948E-16	2.867E-22
9.1347E-16	2.831E-22
9.2769E-16	2.795E-22
9.4212E-16	2.759E-22
9.5678E-16	2.724E-22
9.7167E-16	2.690E-22
9.8679E-16	2.655E-22
1.0021E-15	2.622E-22
1.0177E-15	2.588E-22
1.0336E-15	2.555E-22
1.0497E-15	2.523E-22
1.0660E-15	2.490E-22
1.0826E-15	2.459E-22
1.0994E-15	2.427E-22
1.1165E-15	2.396E-22
1.1339E-15	2.366E-22
1.1515E-15	2.336E-22
1.1695E-15	2.306E-22
1.1877E-15	2.276E-22
1.2061E-15	2.247E-22
1.2249E-15	2.218E-22
1.2440E-15	2.190E-22
1.2633E-15	2.162E-22
1.2830E-15	2.134E-22
1.3029E-15	2.107E-22
1.3232E-15	2.080E-22
1.3438E-15	2.054E-22
1.3647E-15	2.027E-22
1.3860E-15	2.001E-22
1.4075E-15	1.976E-22
1.4294E-15	1.950E-22
1.4517E-15	1.925E-22
1.4743E-15	1.901E-22
1.4972E-15	1.876E-22
1.5205E-15	1.852E-22
1.5441E-15	1.829E-22
1.5682E-15	1.805E-22
1.5926E-15	1.782E-22
1.6174E-15	1.759E-22
1.6425E-15	1.737E-22
1.6681E-15	1.714E-22
1.6940E-15	1.692E-22
1.7204E-15	1.671E-22
1.7472E-15	1.649E-22
1.7743E-15	1.628E-22
1.8020E-15	1.607E-22
1.8300E-15	1.587E-22
1.8585E-15	1.566E-22
1.8874E-15	1.546E-22
1.9168E-15	1.527E-22
1.9466E-15	1.507E-22
1.9769E-15	1.488E-22
2.0076E-15	1.469E-22
2.0389E-15	1.450E-22
2.0706E-15	1.431E-22
2.1028E-15	1.413E-22
2.1355E-15	1.395E-22
2.1688E-15	1.377E-22
2.2025E-15	1.359E-22
2.2368E-15	1.342E-22
2.2716E-15	1.325E-22
2.3069E-15	1.308E-22
2.3428E-15	1.291E-22
2.3793E-15	1.275E-22
2.4163E-15	1.258E-22
2.4539E-15	1.242E-22
2.4921E-15	1.227E-22
2.5309E-15	1.211E-22
2.5703E-15	1.195E-22
2.6102E-15	1.180E-22
2.6509E-15	1.165E-22
2.6921E-15	1.150E-22
2.7340E-15	1.136E-22
2.7765E-15	1.121E-22
2.8197E-15	1.107E-22
2.8636E-15	1.093E-22
2.9082E-15	1.079E-22
2.9534E-15	1.065E-22
2.9994E-15	1.052E-22
3.0461E-15	1.038E-22
3.0935E-15	1.025E-22
3.1416E-15	1.012E-22
3.1905E-15	9.993E-23
3.2401E-15	9.867E-23
3.2905E-15	9.742E-23
3.3417E-15	9.618E-23
3.3937E-15	9.497E-23
3.4465E-15	9.377E-23
3.5002E-15	9.258E-23
3.5546E-15	9.141E-23
3.6099E-15	9.026E-23
3.6661E-15	8.912E-23
3.7232E-15	8.800E-23
3.7811E-15	8.689E-23
3.8399E-15	8.580E-23
3.8997E-15	8.472E-23
3.9604E-15	8.365E-23
4.0220E-15	8.260E-23
4.0846E-15	8.157E-23
4.1481E-15	8.055E-23
4.2127E-15	7.954E-23
4.2782E-15	7.854E-23
4.3448E-15	7.756E-23
4.4124E-15	7.659E-23
4.4811E-15	7.564E-23
4.5508E-15	7.469E-23
4.6216E-15	7.376E-23
4.6935E-15	7.285E-23
4.7665E-15	7.194E-23
4.8407E-15	7.105E-23
4.9160E-15	7.017E-23
4.9925E-15	6.930E-23
5.0702E-15	6.844E-23
5.1491E-15	6.760E-23
5.2292E-15	6.676E-23
5.3106E-15	6.594E-23
5.3932E-15	6.513E-23
5.4771E-15	6.433E-23
5.5624E-15	6.354E-23
5.6489E-15	6.276E-23
5.7368E-15	6.199E-23
5.8261E-15	6.123E-23
5.9167E-15	6.048E-23
6.0088E-15	5.974E-23
6.1023E-15	5.902E-23
6.1972E-15	5.830E-23
6.2937E-15	5.759E-23
6.3916E-15	5.689E-23
6.4911E-15	5.620E-23
6.5921E-15	5.552E-23
6.6946E-15	5.485E-23
6.7988E-15	5.419E-23
6.9046E-15	5.354E-23
7.0120E-15	5.290E-23
7.1211E-15	5.226E-23
7.2320E-15	5.164E-23
7.3445E-15	5.102E-23
7.4588E-15	5.041E-23
7.5748E-15	4.981E-23
7.6927E-15	4.922E-23
7.8124E-15	4.863E-23
7.9340E-15	4.806E-23
8.0574E-15	4.749E-23
8.1828E-15	4.693E-23
8.3101E-15	4.638E-23
8.4394E-15	4.583E-23
8.5707E-15	4.529E-23
8.7041E-15	4.477E-23
8.8395E-15	4.424E-23
8.9771E-15	4.373E-23
9.1168E-15	4.322E-23
9.2586E-15	4.272E-23
9.4027E-15	4.222E-23
9.5490E-15	4.174E-23
9.6976E-15	4.126E-23
9.8485E-15	4.078E-23
1.0002E-14	4.032E-23
1.0157E-14	3.985E-23
1.0315E-14	3.940E-23
1.0476E-14	3.895E-23
1.0639E-14	3.851E-23
1.0804E-14	3.808E-23
1.0973E-14	3.765E-23
1.1143E-14	3.722E-23
1.1317E-14	3.681E-23
1.1493E-14	3.639E-23
1.1672E-14	3.599E-23
1.1853E-14	3.559E-23
1.2038E-14	3.519E-23
1.2225E-14	3.481E-23
1.2415E-14	3.442E-23
1.2608E-14	3.404E-23
1.2805E-14	3.367E-23
1.3004E-14	3.330E-23
1.3206E-14	3.294E-23
1.3412E-14	3.259E-23
1.3620E-14	3.223E-23
1.3832E-14	3.189E-23
1.4048E-14	3.155E-23
1.4266E-14	3.121E-23
1.4488E-14	3.088E-23
1.4714E-14	3.055E-23
1.4942E-14	3.023E-23
1.5175E-14	2.991E-23
1.5411E-14	2.959E-23
1.5651E-14	2.929E-23
1.5894E-14	2.898E-23
1.6142E-14	2.868E-23
1.6393E-14	2.838E-23
1.6648E-14	2.809E-23
1.6907E-14	2.781E-23
1.7170E-14	2.752E-23
1.7437E-14	2.724E-23
1.7709E-14	2.697E-23
1.7984E-14	2.670E-23
1.8264E-14	2.643E-23
1.8548E-14	2.617E-23
1.8837E-14	2.591E-23
1.9130E-14	2.565E-23
1.9428E-14	2.540E-23
1.9730E-14	2.515E-23
2.0037E-14	2.491E-23
2.0349E-14	2.467E-23
2.0665E-14	2.443E-23
2.0987E-14	2.420E-23
2.1313E-14	2.397E-23
2.1645E-14	2.374E-23
2.1982E-14	2.352E-23
2.2324E-14	2.330E-23
2.2671E-14	2.308E-23
2.3024E-14	2.287E-23
2.3382E-14	2.266E-23
2.3746E-14	2.245E-23
2.4116E-14	2.224E-23
2.4491E-14	2.204E-23
2.4872E-14	2.185E-23
2.5259E-14	2.165E-23
2.5652E-14	2.146E-23
2.6051E-14	2.127E-23
2.6457E-14	2.108E-23
2.6868E-14	2.090E-23
2.7286E-14	2.072E-23
2.7711E-14	2.054E-23
2.8142E-14	2.037E-23
2.8580E-14	2.020E-23
2.9025E-14	2.003E-23
2.9476E-14	1.986E-23
2.9935E-14	1.970E-23
3.0401E-14	1.953E-23
3.0874E-14	1.937E-23
3.1354E-14	1.922E-23
3.1842E-14	1.906E-23
3.2337E-14	1.891E-23
3.2841E-14	1.876E-23
3.3352E-14	1.862E-23
3.3871E-14	1.847E-23
3.4398E-14	1.833E-23
3.4933E-14	1.819E-23
3.5476E-14	1.805E-23
3.6028E-14	1.792E-23
3.6589E-14	1.778E-23
3.7158E-14	1.765E-23
3.7737E-14	1.752E-23
3.8324E-14	1.740E-23
3.8920E-14	1.727E-23
3.9526E-14	1.715E-23
4.0141E-14	1.703E-23
4.0765E-14	1.691E-23
4.1400E-14	1.679E-23
4.2044E-14	1.668E-23
4.2698E-14	1.656E-23
4.3362E-14	1.645E-23
4.4037E-14	1.635E-23
4.4722E-14	1.624E-23
4.5418E-14	1.613E-23
4.6125E-14	1.603E-23
4.6843E-14	1.593E-23
4.7572E-14	1.583E-23
4.8312E-14	1.573E-23
4.9064E-14	1.563E-23
4.9827E-14	1.554E-23
5.0602E-14	1.545E-23
5.1390E-14	1.536E-23
5.2189E-14	1.527E-23
5.3001E-14	1.518E-23
5.3826E-14	1.509E-23
5.4664E-14	1.501E-23
5.5514E-14	1.492E-23
5.6378E-14	1.484E-23
5.7255E-14	1.476E-23
5.8146E-14	1.468E-23
5.9051E-14	1.461E-23
5.9970E-14	1.453E-23
6.0903E-14	1.446E-23
6.1851E-14	1.438E-23
6.2813E-14	1.431E-23
6.3791E-14	1.424E-23
6.4783E-14	1.417E-23
6.5791E-14	1.411E-23
6.6815E-14	1.404E-23
6.7855E-14	1.398E-23
6.8910E-14	1.391E-23
6.9983E-14	1.385E-23
7.1072E-14	1.379E-23
7.2177E-14	1.373E-23
7.3301E-14	1.367E-23
7.4441E-14	1.362E-23
7.5599E-14	1.356E-23
7.6776E-14	1.351E-23
7.7970E-14	1.345E-23
7.9184E-14	1.340E-23
8.0416E-14	1.335E-23
8.1667E-14	1.330E-23
8.2938E-14	1.325E-23
8.4228E-14	1.321E-23
8.5539E-14	1.316E-23
8.6870E-14	1.311E-23
8.8222E-14	1.307E-23
8.9594E-14	1.303E-23
9.0989E-14	1.298E-23
9.2404E-14	1.294E-23
9.3842E-14	1.290E-23
9.5302E-14	1.286E-23
9.6785E-14	1.283E-23
9.8291E-14	1.279E-23
9.9821E-14	1.275E-23
1.0137E-13	1.272E-23
1.0295E-13	1.268E-23
1.0455E-13	1.265E-23
1.0618E-13	1.262E-23
1.0783E-13	1.259E-23
1.0951E-13	1.256E-23
1.1121E-13	1.253E-23
1.1294E-13	1.250E-23
1.1470E-13	1.247E-23
1.1649E-13	1.244E-23
1.1830E-13	1.242E-23
1.2014E-13	1.239E-23
1.2201E-13	1.237E-23
1.2391E-13	1.234E-23
1.2584E-13	1.232E-23
1.2779E-13	1.230E-23
1.2978E-13	1.228E-23
1.3180E-13	1.226E-23
1.3385E-13	1.224E-23
1.3594E-13	1.222E-23
1.3805E-13	1.220E-23
1.4020E-13	1.218E-23
1.4238E-13	1.216E-23
1.4460E-13	1.215E-23
1.4685E-13	1.213E-23
1.4913E-13	1.212E-23
1.5145E-13	1.210E-23
1.5381E-13	1.209E-23
1.5620E-13	1.208E-23
1.5863E-13	1.206E-23
1.6110E-13	1.205E-23
1.6361E-13	1.204E-23
1.6615E-13	1.203E-23
1.6874E-13	1.202E-23
1.7136E-13	1.201E-23
1.7403E-13	1.200E-23
1.7674E-13	1.200E-23
1.7949E-13	1.199E-23
1.8228E-13	1.198E-23
1.8512E-13	1.198E-23
1.8800E-13	1.197E-23
1.9092E-13	1.197E-23
1.9389E-13	1.196E-23
1.9691E-13	1.196E-23
1.9998E-13	1.195E-23
2.0309E-13	1.195E-23
2.0625E-13	1.195E-23
2.0946E-13	1.195E-23
2.1272E-13	1.195E-23
2.1603E-13	1.194E-23
2.1939E-13	1.194E-23
2.2280E-13	1.194E-23
2.2627E-13	1.195E-23
2.2979E-13	1.195E-23
2.3336E-13	1.195E-23
2.3699E-13	1.195E-23
2.4068E-13	1.195E-23
2.4443E-13	1.195E-23
2.4823E-13	1.196E-23
2.5209E-13	1.196E-23
2.5602E-13	1.197E-23
2.6000E-13	1.197E-23
2.6405E-13	1.198E-23
2.6815E-13	1.198E-23
2.7233E-13	1.199E-23
2.7656E-13	1.199E-23
2.8087E-13	1.200E-23
2.8524E-13	1.201E-23
2.8968E-13	1.201E-23
2.9418E-13	1.202E-23
2.9876E-13	1.203E-23
3.0341E-13	1.204E-23
3.0813E-13	1.204E-23
3.1293E-13	1.205E-23
3.1779E-13	1.206E-23
3.2274E-13	1.207E-23
3.2776E-13	1.208E-23
3.3286E-13	1.209E-23
3.3804E-13	1.210E-23
3.4330E-13	1.211E-23
3.4864E-13	1.212E-23
3.5407E-13	1.214E-23
3.5958E-13	1.215E-23
3.6517E-13	1.216E-23
3.7085E-13	1.217E-23
3.7662E-13	1.218E-23
3.8248E-13	1.220E-23
3.8844E-13	1.221E-23
3.9448E-13	1.222E-23
4.0062E-13	1.224E-23
4.0685E-13	1.225E-23
4.1318E-13	1.227E-23
4.1961E-13	1.228E-23
4.2614E-13	1.229E-23
4.3277E-13	1.231E-23
4.3951E-13	1.232E-23
4.4635E-13	1.234E-23
4.5329E-13	1.236E-23
4.6034E-13	1.237E-23
4.6751E-13	1.239E-23
4.7478E-13	1.240E-23
4.8217E-13	1.242E-23
4.8967E-13	1.244E-23
4.9729E-13	1.245E-23
5.0503E-13	1.247E-23
5.1289E-13	1.249E-23
5.2087E-13	1.250E-23
5.2897E-13	1.252E-23
5.3720E-13	1.254E-23
5.4556E-13	1.256E-23
5.5405E-13	1.258E-23
5.6267E-13	1.259E-23
5.7143E-13	1.261E-23
5.8032E-13	1.263E-23
5.8935E-13	1.265E-23
5.9852E-13	1.267E-23
6.0783E-13	1.269E-23
6.1729E-13	1.271E-23
6.2690E-13	1.273E-23
6.3665E-13	1.275E-23
6.4656E-13	1.277E-23
6.5662E-13	1.279E-23
6.6684E-13	1.281E-23
6.7721E-13	1.283E-23
6.8775E-13	1.285E-23
6.9845E-13	1.287E-23
7.0932E-13	1.289E-23
7.2036E-13	1.291E-23
7.3156E-13	1.293E-23
7.4295E-13	1.295E-23
7.5451E-13	1.297E-23
7.6625E-13	1.299E-23
7.7817E-13	1.301E-23
7.9028E-13	1.303E-23
8.0258E-13	1.305E-23
8.1507E-13	1.308E-23
8.2775E-13	1.310E-23
8.4063E-13	1.312E-23
8.5371E-13	1.314E-23
8.6699E-13	1.316E-23
8.8048E-13	1.319E-23
8.9418E-13	1.321E-23
9.0810E-13	1.323E-23
9.2223E-13	1.325E-23
9.3658E-13	1.327E-23
9.5115E-13	1.330E-23
9.6595E-13	1.332E-23
9.8098E-13	1.334E-23
9.9625E-13	1.337E-23
1.0117E-12	1.339E-23
1.0275E-12	1.341E-23
1.0435E-12	1.343E-23
1.0597E-12	1.346E-23
1.0762E-12	1.348E-23
1.0930E-12	1.350E-23
1.1100E-12	1.353E-23
1.1272E-12	1.355E-23
1.1448E-12	1.357E-23
1.1626E-12	1.360E-23
1.1807E-12	1.362E-23
1.1990E-12	1.364E-23
1.2177E-12	1.367E-23
1.2366E-12	1.369E-23
1.2559E-12	1.372E-23
1.2754E-12	1.374E-23
1.2953E-12	1.376E-23
1.3154E-12	1.379E-23
1.3359E-12	1.381E-23
1.3567E-12	1.384E-23
1.3778E-12	1.386E-23
1.3992E-12	1.388E-23
1.4210E-12	1.391E-23
1.4431E-12	1.393E-23
1.4656E-12	1.396E-23
1.4884E-12	1.398E-23
1.5115E-12	1.401E-23
1.5351E-12	1.403E-23
1.5589E-12	1.406E-23
1.5832E-12	1.408E-23
1.6078E-12	1.411E-23
1.6329E-12	1.413E-23
1.6583E-12	1.415E-23
1.6841E-12	1.418E-23
1.7103E-12	1.420E-23
1.7369E-12	1.423E-23
1.7639E-12	1.425E-23
1.7914E-12	1.428E-23
1.8192E-12	1.430E-23
1.8475E-12	1.433E-23
1.8763E-12	1.435E-23
1.9055E-12	1.438E-23
1.9351E-12	1.440E-23
1.9652E-12	1.443E-23
1.9958E-12	1.446E-23
2.0269E-12	1.448E-23
2.0584E-12	1.451E-23
2.0904E-12	1.453E-23
2.1230E-12	1.456E-23
2.1560E-12	1.458E-23
2.1896E-12	1.461E-23
2.2236E-12	1.463E-23
2.2582E-12	1.466E-23
2.2934E-12	1.468E-23
2.3290E-12	1.471E-23
2.3653E-12	1.473E-23
2.4021E-12	1.476E-23
2.4395E-12	1.479E-23
2.4774E-12	1.481E-23
2.5160E-12	1.484E-23
2.5551E-12	1.486E-23
2.5949E-12	1.489E-23
2.6353E-12	1.491E-23
2.6763E-12	1.494E-23
2.7179E-12	1.497E-23
2.7602E-12	1.499E-23
2.8032E-12	1.502E-23
2.8468E-12	1.504E-23
2.8911E-12	1.507E-23
2.9361E-12	1.510E-23
2.9817E-12	1.512E-23
3.0281E-12	1.515E-23
3.0753E-12	1.517E-23
3.1231E-12	1.520E-23
3.1717E-12	1.522E-23
3.2211E-12	1.525E-23
3.2712E-12	1.528E-23
3.3221E-12	1.530E-23
3.3738E-12	1.533E-23
3.4263E-12	1.536E-23
3.4796E-12	1.538E-23
3.5337E-12	1.541E-23
3.5887E-12	1.543E-23
3.6445E-12	1.546E-23
3.7013E-12	1.549E-23
3.7588E-12	1.551E-23
3.8173E-12	1.554E-23
3.8767E-12	1.556E-23
3.9371E-12	1.559E-23
3.9983E-12	1.562E-23
4.0605E-12	1.564E-23
4.1237E-12	1.567E-23
4.1879E-12	1.570E-23
4.2530E-12	1.572E-23
4.3192E-12	1.575E-23
4.3864E-12	1.577E-23
4.4547E-12	1.580E-23
4.5240E-12	1.583E-23
4.5944E-12	1.585E-23
4.6659E-12	1.588E-23
4.7385E-12	1.591E-23
4.8122E-12	1.593E-23
4.8871E-12	1.596E-23
4.9631E-12	1.598E-23
5.0404E-12	1.601E-23
5.1188E-12	1.604E-23
5.1984E-12	1.606E-23
5.2793E-12	1.609E-23
5.3615E-12	1.612E-23
5.4449E-12	1.614E-23
5.5296E-12	1.617E-23
5.6157E-12	1.620E-23
5.7031E-12	1.622E-23
5.7918E-12	1.625E-23
5.8819E-12	1.628E-23
5.9734E-12	1.630E-23
6.0664E-12	1.633E-23
6.1608E-12	1.636E-23
6.2566E-12	1.638E-23
6.3540E-12	1.641E-23
6.4529E-12	1.643E-23
6.5533E-12	1.646E-23
6.6553E-12	1.649E-23
6.7588E-12	1.651E-23
6.8640E-12	1.654E-23
6.9708E-12	1.657E-23
7.0792E-12	1.659E-23
7.1894E-12	1.662E-23
7.3013E-12	1.665E-23
7.4149E-12	1.667E-23
7.5303E-12	1.670E-23
7.6474E-12	1.673E-23
7.7664E-12	1.675E-23
7.8873E-12	1.678E-23
8.0100E-12	1.681E-23
#-------------------------------------
