# TRIPLE IONIZATION
# Energy (Joules) | Cross Section (m2)
#-------------------------------------
1.6397E-17	6.327E-24
1.6783E-17	1.366E-23
1.7178E-17	2.024E-23
1.7582E-17	2.613E-23
1.7996E-17	3.139E-23
1.8419E-17	3.608E-23
1.8853E-17	4.024E-23
1.9296E-17	4.392E-23
1.9750E-17	4.717E-23
2.0215E-17	5.002E-23
2.0691E-17	5.252E-23
2.1177E-17	5.471E-23
2.1676E-17	5.660E-23
2.2186E-17	5.824E-23
2.2708E-17	5.965E-23
2.3242E-17	6.086E-23
2.3789E-17	6.189E-23
2.4349E-17	6.276E-23
2.4922E-17	6.349E-23
2.5508E-17	6.411E-23
2.6109E-17	6.462E-23
2.6723E-17	6.505E-23
2.7352E-17	6.541E-23
2.7995E-17	6.570E-23
2.8654E-17	6.595E-23
2.9328E-17	6.616E-23
3.0019E-17	6.634E-23
3.0725E-17	6.650E-23
3.1448E-17	6.665E-23
3.2188E-17	6.679E-23
3.2945E-17	6.693E-23
3.3721E-17	6.708E-23
3.4514E-17	6.723E-23
3.5326E-17	6.740E-23
3.6157E-17	6.758E-23
3.7008E-17	6.778E-23
3.7879E-17	6.800E-23
3.8770E-17	6.825E-23
3.9683E-17	6.851E-23
4.0617E-17	6.880E-23
4.1572E-17	6.910E-23
4.2551E-17	6.944E-23
4.3552E-17	6.979E-23
4.4577E-17	7.016E-23
4.5626E-17	7.056E-23
4.6699E-17	7.098E-23
4.7798E-17	7.141E-23
4.8923E-17	7.186E-23
5.0074E-17	7.233E-23
5.1252E-17	7.280E-23
5.2458E-17	7.329E-23
5.3693E-17	7.379E-23
5.4956E-17	7.430E-23
5.6249E-17	7.481E-23
5.7573E-17	7.533E-23
5.8928E-17	7.585E-23
6.0314E-17	7.636E-23
6.1734E-17	7.688E-23
6.3186E-17	7.739E-23
6.4673E-17	7.789E-23
6.6195E-17	7.838E-23
6.7752E-17	7.887E-23
6.9347E-17	7.934E-23
7.0979E-17	7.979E-23
7.2649E-17	8.024E-23
7.4358E-17	8.066E-23
7.6108E-17	8.107E-23
7.7899E-17	8.145E-23
7.9732E-17	8.182E-23
8.1608E-17	8.216E-23
8.3528E-17	8.247E-23
8.5494E-17	8.277E-23
8.7506E-17	8.303E-23
8.9565E-17	8.327E-23
9.1672E-17	8.348E-23
9.3829E-17	8.367E-23
9.6037E-17	8.382E-23
9.8297E-17	8.395E-23
1.0061E-16	8.404E-23
1.0298E-16	8.411E-23
1.0540E-16	8.414E-23
1.0788E-16	8.415E-23
1.1042E-16	8.412E-23
1.1302E-16	8.407E-23
1.1568E-16	8.398E-23
1.1840E-16	8.386E-23
1.2119E-16	8.371E-23
1.2404E-16	8.354E-23
1.2696E-16	8.333E-23
1.2994E-16	8.309E-23
1.3300E-16	8.283E-23
1.3613E-16	8.253E-23
1.3933E-16	8.221E-23
1.4261E-16	8.186E-23
1.4597E-16	8.148E-23
1.4940E-16	8.108E-23
1.5292E-16	8.065E-23
1.5652E-16	8.020E-23
1.6020E-16	7.972E-23
1.7622E-16	7.671E-23
1.9638E-16	7.293E-23
2.1885E-16	6.921E-23
2.4389E-16	6.555E-23
2.7179E-16	6.198E-23
3.0289E-16	5.849E-23
3.3755E-16	5.511E-23
3.7617E-16	5.184E-23
4.1920E-16	4.869E-23
4.6717E-16	4.565E-23
5.2062E-16	4.274E-23
5.8018E-16	3.995E-23
6.4656E-16	3.728E-23
7.2054E-16	3.475E-23
8.0298E-16	3.234E-23
8.9485E-16	3.006E-23
9.9723E-16	2.791E-23
1.1113E-15	2.588E-23
1.2385E-15	2.397E-23
1.3802E-15	2.218E-23
1.5381E-15	2.050E-23
1.7141E-15	1.893E-23
1.9102E-15	1.747E-23
2.1287E-15	1.612E-23
2.3723E-15	1.486E-23
2.6437E-15	1.369E-23
2.9462E-15	1.261E-23
3.2832E-15	1.161E-23
3.6589E-15	1.069E-23
4.0775E-15	9.840E-24
4.5440E-15	9.060E-24
5.0639E-15	8.343E-24
5.6433E-15	7.686E-24
6.2890E-15	7.083E-24
7.0085E-15	6.532E-24
7.8104E-15	6.028E-24
8.7040E-15	5.568E-24
9.6999E-15	5.148E-24
1.0810E-14	4.765E-24
1.2046E-14	4.417E-24
1.3425E-14	4.100E-24
1.4961E-14	3.812E-24
1.6672E-14	3.551E-24
1.8580E-14	3.315E-24
2.0706E-14	3.101E-24
2.3075E-14	2.908E-24
2.5715E-14	2.735E-24
2.8657E-14	2.578E-24
3.1936E-14	2.438E-24
3.5589E-14	2.312E-24
3.9661E-14	2.200E-24
4.4199E-14	2.100E-24
4.9256E-14	2.012E-24
5.4892E-14	1.935E-24
6.1172E-14	1.867E-24
6.8171E-14	1.807E-24
7.5970E-14	1.756E-24
8.4662E-14	1.713E-24
9.4349E-14	1.676E-24
1.0514E-13	1.646E-24
1.1717E-13	1.621E-24
1.3058E-13	1.602E-24
1.4552E-13	1.588E-24
1.6217E-13	1.578E-24
1.8072E-13	1.572E-24
2.0140E-13	1.570E-24
2.2444E-13	1.571E-24
2.5012E-13	1.575E-24
2.7874E-13	1.582E-24
3.1063E-13	1.592E-24
3.4617E-13	1.603E-24
3.8578E-13	1.617E-24
4.2992E-13	1.632E-24
4.7910E-13	1.648E-24
5.3392E-13	1.667E-24
5.9501E-13	1.686E-24
6.6308E-13	1.706E-24
7.3895E-13	1.727E-24
8.2350E-13	1.749E-24
9.1771E-13	1.772E-24
1.0227E-12	1.796E-24
1.1397E-12	1.819E-24
1.2701E-12	1.844E-24
1.4154E-12	1.869E-24
1.5774E-12	1.894E-24
1.7579E-12	1.919E-24
1.9590E-12	1.945E-24
2.1831E-12	1.971E-24
2.4329E-12	1.997E-24
2.7113E-12	2.023E-24
3.0215E-12	2.050E-24
3.3672E-12	2.076E-24
3.7524E-12	2.103E-24
4.1817E-12	2.130E-24
4.6602E-12	2.157E-24
5.1933E-12	2.184E-24
5.7875E-12	2.211E-24
6.4497E-12	2.238E-24
7.1876E-12	2.265E-24
8.0100E-12	2.292E-24
#-------------------------------------
