# SHELL IONIZATION
# Energy (Joules) | Cross Section (m2)
#-------------------------------------
2.5458E-18	2.030E-22
2.5855E-18	9.038E-22
2.6257E-18	1.615E-21
2.6666E-18	2.333E-21
2.7080E-18	3.057E-21
2.7502E-18	3.784E-21
2.7930E-18	4.514E-21
2.8364E-18	5.244E-21
2.8806E-18	5.973E-21
2.9254E-18	6.699E-21
2.9709E-18	7.422E-21
3.0171E-18	8.140E-21
3.0641E-18	8.852E-21
3.1118E-18	9.557E-21
3.1602E-18	1.025E-20
3.2094E-18	1.094E-20
3.2593E-18	1.162E-20
3.3100E-18	1.229E-20
3.3615E-18	1.295E-20
3.4138E-18	1.360E-20
3.4669E-18	1.424E-20
3.5209E-18	1.487E-20
3.5757E-18	1.548E-20
3.6313E-18	1.608E-20
3.6878E-18	1.667E-20
3.7452E-18	1.725E-20
3.8035E-18	1.781E-20
3.8627E-18	1.837E-20
3.9228E-18	1.890E-20
3.9838E-18	1.943E-20
4.0458E-18	1.994E-20
4.1087E-18	2.044E-20
4.1727E-18	2.092E-20
4.2376E-18	2.139E-20
4.3035E-18	2.185E-20
4.3705E-18	2.230E-20
4.4385E-18	2.273E-20
4.5076E-18	2.315E-20
4.5777E-18	2.355E-20
4.6489E-18	2.395E-20
4.7213E-18	2.433E-20
4.7947E-18	2.470E-20
4.8694E-18	2.505E-20
4.9451E-18	2.539E-20
5.0221E-18	2.572E-20
5.1002E-18	2.604E-20
5.1796E-18	2.635E-20
5.2602E-18	2.665E-20
5.3420E-18	2.693E-20
5.4251E-18	2.720E-20
5.5096E-18	2.746E-20
5.5953E-18	2.771E-20
5.6823E-18	2.795E-20
5.7708E-18	2.818E-20
5.8606E-18	2.840E-20
5.9518E-18	2.861E-20
6.0444E-18	2.881E-20
6.1384E-18	2.899E-20
6.2339E-18	2.917E-20
6.3309E-18	2.934E-20
6.4294E-18	2.950E-20
6.5295E-18	2.965E-20
6.6311E-18	2.979E-20
6.7343E-18	2.993E-20
6.8391E-18	3.005E-20
6.9455E-18	3.016E-20
7.0535E-18	3.027E-20
7.1633E-18	3.037E-20
7.2748E-18	3.046E-20
7.3880E-18	3.055E-20
7.5029E-18	3.062E-20
7.6197E-18	3.069E-20
7.7382E-18	3.075E-20
7.8586E-18	3.081E-20
7.9809E-18	3.085E-20
8.1051E-18	3.089E-20
8.2312E-18	3.093E-20
8.3593E-18	3.096E-20
8.4894E-18	3.098E-20
8.6215E-18	3.099E-20
8.7556E-18	3.100E-20
8.8919E-18	3.100E-20
9.0302E-18	3.100E-20
9.1707E-18	3.099E-20
9.3134E-18	3.098E-20
9.4583E-18	3.096E-20
9.6055E-18	3.094E-20
9.7550E-18	3.091E-20
9.9068E-18	3.087E-20
1.0061E-17	3.084E-20
1.0217E-17	3.079E-20
1.0376E-17	3.074E-20
1.0538E-17	3.069E-20
1.0702E-17	3.063E-20
1.0868E-17	3.057E-20
1.1038E-17	3.051E-20
1.1209E-17	3.044E-20
1.1384E-17	3.037E-20
1.1561E-17	3.029E-20
1.1741E-17	3.021E-20
1.1923E-17	3.012E-20
1.2109E-17	3.004E-20
1.2297E-17	2.994E-20
1.2489E-17	2.985E-20
1.2683E-17	2.975E-20
1.2880E-17	2.965E-20
1.3081E-17	2.955E-20
1.3284E-17	2.944E-20
1.3491E-17	2.933E-20
1.3701E-17	2.922E-20
1.3914E-17	2.911E-20
1.4131E-17	2.899E-20
1.4351E-17	2.887E-20
1.4574E-17	2.875E-20
1.4801E-17	2.862E-20
1.5031E-17	2.850E-20
1.5265E-17	2.837E-20
1.5502E-17	2.823E-20
1.5744E-17	2.810E-20
1.5989E-17	2.797E-20
1.6237E-17	2.783E-20
1.6490E-17	2.769E-20
1.6747E-17	2.755E-20
1.7007E-17	2.741E-20
1.7272E-17	2.726E-20
1.7541E-17	2.712E-20
1.7813E-17	2.697E-20
1.8091E-17	2.682E-20
1.8372E-17	2.667E-20
1.8658E-17	2.652E-20
1.8948E-17	2.637E-20
1.9243E-17	2.621E-20
1.9543E-17	2.606E-20
1.9847E-17	2.590E-20
2.0155E-17	2.575E-20
2.0469E-17	2.559E-20
2.0788E-17	2.543E-20
2.1111E-17	2.527E-20
2.1440E-17	2.511E-20
2.1773E-17	2.495E-20
2.2112E-17	2.479E-20
2.2456E-17	2.462E-20
2.2805E-17	2.446E-20
2.3160E-17	2.429E-20
2.3521E-17	2.413E-20
2.3887E-17	2.396E-20
2.4258E-17	2.380E-20
2.4636E-17	2.363E-20
2.5019E-17	2.347E-20
2.5408E-17	2.330E-20
2.5804E-17	2.313E-20
2.6205E-17	2.296E-20
2.6613E-17	2.280E-20
2.7027E-17	2.263E-20
2.7448E-17	2.246E-20
2.7875E-17	2.229E-20
2.8309E-17	2.212E-20
2.8749E-17	2.195E-20
2.9196E-17	2.178E-20
2.9651E-17	2.162E-20
3.0112E-17	2.145E-20
3.0581E-17	2.128E-20
3.1056E-17	2.111E-20
3.1540E-17	2.094E-20
3.2030E-17	2.077E-20
3.2529E-17	2.061E-20
3.3035E-17	2.044E-20
3.3549E-17	2.027E-20
3.4071E-17	2.010E-20
3.4601E-17	1.994E-20
3.5140E-17	1.977E-20
3.5686E-17	1.960E-20
3.6242E-17	1.944E-20
3.6806E-17	1.927E-20
3.7378E-17	1.911E-20
3.7960E-17	1.894E-20
3.8551E-17	1.878E-20
3.9151E-17	1.861E-20
3.9760E-17	1.845E-20
4.0378E-17	1.829E-20
4.1007E-17	1.813E-20
4.1645E-17	1.796E-20
4.2293E-17	1.780E-20
4.2951E-17	1.764E-20
4.3619E-17	1.748E-20
4.4298E-17	1.732E-20
4.4987E-17	1.717E-20
4.5687E-17	1.701E-20
4.6398E-17	1.685E-20
4.7120E-17	1.669E-20
4.7853E-17	1.654E-20
4.8598E-17	1.638E-20
4.9354E-17	1.623E-20
5.0122E-17	1.607E-20
5.0902E-17	1.592E-20
5.1694E-17	1.577E-20
5.2498E-17	1.562E-20
5.3315E-17	1.547E-20
5.4145E-17	1.532E-20
5.4987E-17	1.517E-20
5.5843E-17	1.502E-20
5.6712E-17	1.487E-20
5.7594E-17	1.473E-20
5.8490E-17	1.458E-20
5.9401E-17	1.444E-20
6.0325E-17	1.429E-20
6.1264E-17	1.415E-20
6.2217E-17	1.401E-20
6.3185E-17	1.387E-20
6.4168E-17	1.373E-20
6.5167E-17	1.359E-20
6.6181E-17	1.345E-20
6.7210E-17	1.331E-20
6.8256E-17	1.318E-20
6.9318E-17	1.304E-20
7.0397E-17	1.290E-20
7.1492E-17	1.277E-20
7.2605E-17	1.264E-20
7.3734E-17	1.251E-20
7.4882E-17	1.238E-20
7.6047E-17	1.225E-20
7.7230E-17	1.212E-20
7.8432E-17	1.199E-20
7.9652E-17	1.186E-20
8.0892E-17	1.174E-20
8.2150E-17	1.161E-20
8.3429E-17	1.149E-20
8.4727E-17	1.136E-20
8.6045E-17	1.124E-20
8.7384E-17	1.112E-20
8.8744E-17	1.100E-20
9.0125E-17	1.088E-20
9.1527E-17	1.076E-20
9.2951E-17	1.064E-20
9.4398E-17	1.053E-20
9.5866E-17	1.041E-20
9.7358E-17	1.030E-20
9.8873E-17	1.018E-20
1.0041E-16	1.007E-20
1.0197E-16	9.959E-21
1.0356E-16	9.849E-21
1.0517E-16	9.739E-21
1.0681E-16	9.630E-21
1.0847E-16	9.523E-21
1.1016E-16	9.416E-21
1.1187E-16	9.310E-21
1.1361E-16	9.205E-21
1.1538E-16	9.101E-21
1.1718E-16	8.998E-21
1.1900E-16	8.896E-21
1.2085E-16	8.795E-21
1.2273E-16	8.695E-21
1.2464E-16	8.595E-21
1.2658E-16	8.497E-21
1.2855E-16	8.400E-21
1.3055E-16	8.303E-21
1.3258E-16	8.208E-21
1.3465E-16	8.113E-21
1.3674E-16	8.019E-21
1.3887E-16	7.926E-21
1.4103E-16	7.834E-21
1.4322E-16	7.743E-21
1.4545E-16	7.653E-21
1.4772E-16	7.564E-21
1.5001E-16	7.476E-21
1.5235E-16	7.388E-21
1.5472E-16	7.301E-21
1.5713E-16	7.216E-21
1.5957E-16	7.131E-21
1.6205E-16	7.047E-21
1.6458E-16	6.963E-21
1.6714E-16	6.881E-21
1.6974E-16	6.799E-21
1.7238E-16	6.719E-21
1.7506E-16	6.639E-21
1.7778E-16	6.560E-21
1.8055E-16	6.482E-21
1.8336E-16	6.404E-21
1.8621E-16	6.328E-21
1.8911E-16	6.252E-21
1.9205E-16	6.177E-21
1.9504E-16	6.103E-21
1.9808E-16	6.029E-21
2.0116E-16	5.957E-21
2.0429E-16	5.885E-21
2.0747E-16	5.814E-21
2.1070E-16	5.743E-21
2.1397E-16	5.674E-21
2.1730E-16	5.605E-21
2.2069E-16	5.537E-21
2.2412E-16	5.469E-21
2.2761E-16	5.403E-21
2.3115E-16	5.337E-21
2.3474E-16	5.272E-21
2.3840E-16	5.207E-21
2.4211E-16	5.144E-21
2.4587E-16	5.081E-21
2.4970E-16	5.018E-21
2.5359E-16	4.957E-21
2.5753E-16	4.896E-21
2.6154E-16	4.836E-21
2.6561E-16	4.776E-21
2.6974E-16	4.717E-21
2.7394E-16	4.659E-21
2.7820E-16	4.601E-21
2.8253E-16	4.544E-21
2.8693E-16	4.488E-21
2.9139E-16	4.432E-21
2.9592E-16	4.377E-21
3.0053E-16	4.323E-21
3.0521E-16	4.269E-21
3.0995E-16	4.216E-21
3.1478E-16	4.163E-21
3.1968E-16	4.111E-21
3.2465E-16	4.060E-21
3.2970E-16	4.009E-21
3.3483E-16	3.959E-21
3.4004E-16	3.910E-21
3.4533E-16	3.861E-21
3.5071E-16	3.812E-21
3.5616E-16	3.764E-21
3.6171E-16	3.717E-21
3.6733E-16	3.670E-21
3.7305E-16	3.624E-21
3.7885E-16	3.578E-21
3.8475E-16	3.533E-21
3.9074E-16	3.489E-21
3.9682E-16	3.445E-21
4.0299E-16	3.401E-21
4.0926E-16	3.358E-21
4.1563E-16	3.316E-21
4.2210E-16	3.274E-21
4.2866E-16	3.232E-21
4.3533E-16	3.191E-21
4.4211E-16	3.151E-21
4.4899E-16	3.111E-21
4.5597E-16	3.071E-21
4.6307E-16	3.032E-21
4.7027E-16	2.994E-21
4.7759E-16	2.955E-21
4.8502E-16	2.918E-21
4.9257E-16	2.881E-21
5.0023E-16	2.844E-21
5.0802E-16	2.808E-21
5.1592E-16	2.772E-21
5.2395E-16	2.736E-21
5.3210E-16	2.701E-21
5.4038E-16	2.667E-21
5.4879E-16	2.633E-21
5.5733E-16	2.599E-21
5.6600E-16	2.566E-21
5.7481E-16	2.533E-21
5.8376E-16	2.500E-21
5.9284E-16	2.468E-21
6.0206E-16	2.436E-21
6.1143E-16	2.405E-21
6.2095E-16	2.374E-21
6.3061E-16	2.344E-21
6.4042E-16	2.314E-21
6.5038E-16	2.284E-21
6.6050E-16	2.254E-21
6.7078E-16	2.225E-21
6.8122E-16	2.197E-21
6.9182E-16	2.168E-21
7.0258E-16	2.140E-21
7.1352E-16	2.113E-21
7.2462E-16	2.085E-21
7.3589E-16	2.058E-21
7.4735E-16	2.032E-21
7.5897E-16	2.006E-21
7.7078E-16	1.980E-21
7.8278E-16	1.954E-21
7.9496E-16	1.929E-21
8.0733E-16	1.904E-21
8.1989E-16	1.879E-21
8.3265E-16	1.855E-21
8.4560E-16	1.831E-21
8.5876E-16	1.807E-21
8.7212E-16	1.784E-21
8.8569E-16	1.761E-21
8.9948E-16	1.738E-21
9.1347E-16	1.715E-21
9.2769E-16	1.693E-21
9.4212E-16	1.671E-21
9.5678E-16	1.649E-21
9.7167E-16	1.628E-21
9.8679E-16	1.607E-21
1.0021E-15	1.586E-21
1.0177E-15	1.565E-21
1.0336E-15	1.545E-21
1.0497E-15	1.525E-21
1.0660E-15	1.505E-21
1.0826E-15	1.485E-21
1.0994E-15	1.466E-21
1.1165E-15	1.447E-21
1.1339E-15	1.428E-21
1.1515E-15	1.410E-21
1.1695E-15	1.391E-21
1.1877E-15	1.373E-21
1.2061E-15	1.355E-21
1.2249E-15	1.338E-21
1.2440E-15	1.320E-21
1.2633E-15	1.303E-21
1.2830E-15	1.286E-21
1.3029E-15	1.269E-21
1.3232E-15	1.253E-21
1.3438E-15	1.237E-21
1.3647E-15	1.220E-21
1.3860E-15	1.205E-21
1.4075E-15	1.189E-21
1.4294E-15	1.173E-21
1.4517E-15	1.158E-21
1.4743E-15	1.143E-21
1.4972E-15	1.128E-21
1.5205E-15	1.114E-21
1.5441E-15	1.099E-21
1.5682E-15	1.085E-21
1.5926E-15	1.071E-21
1.6174E-15	1.057E-21
1.6425E-15	1.043E-21
1.6681E-15	1.029E-21
1.6940E-15	1.016E-21
1.7204E-15	1.003E-21
1.7472E-15	9.897E-22
1.7743E-15	9.768E-22
1.8020E-15	9.641E-22
1.8300E-15	9.516E-22
1.8585E-15	9.392E-22
1.8874E-15	9.270E-22
1.9168E-15	9.150E-22
1.9466E-15	9.031E-22
1.9769E-15	8.913E-22
2.0076E-15	8.798E-22
2.0389E-15	8.683E-22
2.0706E-15	8.571E-22
2.1028E-15	8.459E-22
2.1355E-15	8.350E-22
2.1688E-15	8.241E-22
2.2025E-15	8.135E-22
2.2368E-15	8.029E-22
2.2716E-15	7.925E-22
2.3069E-15	7.822E-22
2.3428E-15	7.721E-22
2.3793E-15	7.621E-22
2.4163E-15	7.523E-22
2.4539E-15	7.425E-22
2.4921E-15	7.329E-22
2.5309E-15	7.234E-22
2.5703E-15	7.141E-22
2.6102E-15	7.049E-22
2.6509E-15	6.958E-22
2.6921E-15	6.868E-22
2.7340E-15	6.779E-22
2.7765E-15	6.692E-22
2.8197E-15	6.606E-22
2.8636E-15	6.521E-22
2.9082E-15	6.437E-22
2.9534E-15	6.354E-22
2.9994E-15	6.272E-22
3.0461E-15	6.192E-22
3.0935E-15	6.112E-22
3.1416E-15	6.034E-22
3.1905E-15	5.956E-22
3.2401E-15	5.880E-22
3.2905E-15	5.805E-22
3.3417E-15	5.730E-22
3.3937E-15	5.657E-22
3.4465E-15	5.585E-22
3.5002E-15	5.513E-22
3.5546E-15	5.443E-22
3.6099E-15	5.373E-22
3.6661E-15	5.305E-22
3.7232E-15	5.237E-22
3.7811E-15	5.171E-22
3.8399E-15	5.105E-22
3.8997E-15	5.040E-22
3.9604E-15	4.976E-22
4.0220E-15	4.913E-22
4.0846E-15	4.851E-22
4.1481E-15	4.789E-22
4.2127E-15	4.729E-22
4.2782E-15	4.669E-22
4.3448E-15	4.610E-22
4.4124E-15	4.552E-22
4.4811E-15	4.494E-22
4.5508E-15	4.438E-22
4.6216E-15	4.382E-22
4.6935E-15	4.327E-22
4.7665E-15	4.273E-22
4.8407E-15	4.219E-22
4.9160E-15	4.166E-22
4.9925E-15	4.114E-22
5.0702E-15	4.063E-22
5.1491E-15	4.012E-22
5.2292E-15	3.962E-22
5.3106E-15	3.913E-22
5.3932E-15	3.864E-22
5.4771E-15	3.816E-22
5.5624E-15	3.769E-22
5.6489E-15	3.722E-22
5.7368E-15	3.676E-22
5.8261E-15	3.631E-22
5.9167E-15	3.586E-22
6.0088E-15	3.542E-22
6.1023E-15	3.498E-22
6.1972E-15	3.455E-22
6.2937E-15	3.413E-22
6.3916E-15	3.371E-22
6.4911E-15	3.330E-22
6.5921E-15	3.289E-22
6.6946E-15	3.249E-22
6.7988E-15	3.210E-22
6.9046E-15	3.171E-22
7.0120E-15	3.132E-22
7.1211E-15	3.094E-22
7.2320E-15	3.057E-22
7.3445E-15	3.020E-22
7.4588E-15	2.984E-22
7.5748E-15	2.948E-22
7.6927E-15	2.912E-22
7.8124E-15	2.878E-22
7.9340E-15	2.843E-22
8.0574E-15	2.809E-22
8.1828E-15	2.776E-22
8.3101E-15	2.743E-22
8.4394E-15	2.710E-22
8.5707E-15	2.678E-22
8.7041E-15	2.647E-22
8.8395E-15	2.616E-22
8.9771E-15	2.585E-22
9.1168E-15	2.555E-22
9.2586E-15	2.525E-22
9.4027E-15	2.495E-22
9.5490E-15	2.466E-22
9.6976E-15	2.438E-22
9.8485E-15	2.409E-22
1.0002E-14	2.382E-22
1.0157E-14	2.354E-22
1.0315E-14	2.327E-22
1.0476E-14	2.300E-22
1.0639E-14	2.274E-22
1.0804E-14	2.248E-22
1.0973E-14	2.223E-22
1.1143E-14	2.197E-22
1.1317E-14	2.173E-22
1.1493E-14	2.148E-22
1.1672E-14	2.124E-22
1.1853E-14	2.100E-22
1.2038E-14	2.077E-22
1.2225E-14	2.054E-22
1.2415E-14	2.031E-22
1.2608E-14	2.008E-22
1.2805E-14	1.986E-22
1.3004E-14	1.964E-22
1.3206E-14	1.943E-22
1.3412E-14	1.922E-22
1.3620E-14	1.901E-22
1.3832E-14	1.880E-22
1.4048E-14	1.860E-22
1.4266E-14	1.840E-22
1.4488E-14	1.820E-22
1.4714E-14	1.800E-22
1.4942E-14	1.781E-22
1.5175E-14	1.762E-22
1.5411E-14	1.744E-22
1.5651E-14	1.725E-22
1.5894E-14	1.707E-22
1.6142E-14	1.690E-22
1.6393E-14	1.672E-22
1.6648E-14	1.655E-22
1.6907E-14	1.638E-22
1.7170E-14	1.621E-22
1.7437E-14	1.604E-22
1.7709E-14	1.588E-22
1.7984E-14	1.572E-22
1.8264E-14	1.556E-22
1.8548E-14	1.540E-22
1.8837E-14	1.525E-22
1.9130E-14	1.510E-22
1.9428E-14	1.495E-22
1.9730E-14	1.480E-22
2.0037E-14	1.466E-22
2.0349E-14	1.451E-22
2.0665E-14	1.437E-22
2.0987E-14	1.423E-22
2.1313E-14	1.410E-22
2.1645E-14	1.396E-22
2.1982E-14	1.383E-22
2.2324E-14	1.370E-22
2.2671E-14	1.357E-22
2.3024E-14	1.345E-22
2.3382E-14	1.332E-22
2.3746E-14	1.320E-22
2.4116E-14	1.308E-22
2.4491E-14	1.296E-22
2.4872E-14	1.284E-22
2.5259E-14	1.272E-22
2.5652E-14	1.261E-22
2.6051E-14	1.250E-22
2.6457E-14	1.239E-22
2.6868E-14	1.228E-22
2.7286E-14	1.217E-22
2.7711E-14	1.207E-22
2.8142E-14	1.196E-22
2.8580E-14	1.186E-22
2.9025E-14	1.176E-22
2.9476E-14	1.166E-22
2.9935E-14	1.157E-22
3.0401E-14	1.147E-22
3.0874E-14	1.138E-22
3.1354E-14	1.128E-22
3.1842E-14	1.119E-22
3.2337E-14	1.110E-22
3.2841E-14	1.101E-22
3.3352E-14	1.093E-22
3.3871E-14	1.084E-22
3.4398E-14	1.076E-22
3.4933E-14	1.067E-22
3.5476E-14	1.059E-22
3.6028E-14	1.051E-22
3.6589E-14	1.043E-22
3.7158E-14	1.035E-22
3.7737E-14	1.028E-22
3.8324E-14	1.020E-22
3.8920E-14	1.013E-22
3.9526E-14	1.006E-22
4.0141E-14	9.985E-23
4.0765E-14	9.915E-23
4.1400E-14	9.846E-23
4.2044E-14	9.778E-23
4.2698E-14	9.711E-23
4.3362E-14	9.645E-23
4.4037E-14	9.581E-23
4.4722E-14	9.517E-23
4.5418E-14	9.455E-23
4.6125E-14	9.394E-23
4.6843E-14	9.333E-23
4.7572E-14	9.274E-23
4.8312E-14	9.216E-23
4.9064E-14	9.159E-23
4.9827E-14	9.103E-23
5.0602E-14	9.048E-23
5.1390E-14	8.994E-23
5.2189E-14	8.941E-23
5.3001E-14	8.889E-23
5.3826E-14	8.838E-23
5.4664E-14	8.787E-23
5.5514E-14	8.738E-23
5.6378E-14	8.690E-23
5.7255E-14	8.642E-23
5.8146E-14	8.595E-23
5.9051E-14	8.550E-23
5.9970E-14	8.505E-23
6.0903E-14	8.461E-23
6.1851E-14	8.418E-23
6.2813E-14	8.375E-23
6.3791E-14	8.334E-23
6.4783E-14	8.293E-23
6.5791E-14	8.253E-23
6.6815E-14	8.214E-23
6.7855E-14	8.176E-23
6.8910E-14	8.138E-23
6.9983E-14	8.101E-23
7.1072E-14	8.065E-23
7.2177E-14	8.030E-23
7.3301E-14	7.995E-23
7.4441E-14	7.962E-23
7.5599E-14	7.928E-23
7.6776E-14	7.896E-23
7.7970E-14	7.864E-23
7.9184E-14	7.833E-23
8.0416E-14	7.803E-23
8.1667E-14	7.773E-23
8.2938E-14	7.744E-23
8.4228E-14	7.716E-23
8.5539E-14	7.688E-23
8.6870E-14	7.661E-23
8.8222E-14	7.635E-23
8.9594E-14	7.609E-23
9.0989E-14	7.584E-23
9.2404E-14	7.559E-23
9.3842E-14	7.535E-23
9.5302E-14	7.512E-23
9.6785E-14	7.489E-23
9.8291E-14	7.467E-23
9.9821E-14	7.445E-23
1.0137E-13	7.424E-23
1.0295E-13	7.403E-23
1.0455E-13	7.383E-23
1.0618E-13	7.364E-23
1.0783E-13	7.345E-23
1.0951E-13	7.327E-23
1.1121E-13	7.309E-23
1.1294E-13	7.291E-23
1.1470E-13	7.275E-23
1.1649E-13	7.258E-23
1.1830E-13	7.242E-23
1.2014E-13	7.227E-23
1.2201E-13	7.212E-23
1.2391E-13	7.198E-23
1.2584E-13	7.184E-23
1.2779E-13	7.170E-23
1.2978E-13	7.157E-23
1.3180E-13	7.145E-23
1.3385E-13	7.132E-23
1.3594E-13	7.121E-23
1.3805E-13	7.109E-23
1.4020E-13	7.099E-23
1.4238E-13	7.088E-23
1.4460E-13	7.078E-23
1.4685E-13	7.069E-23
1.4913E-13	7.059E-23
1.5145E-13	7.050E-23
1.5381E-13	7.042E-23
1.5620E-13	7.034E-23
1.5863E-13	7.026E-23
1.6110E-13	7.019E-23
1.6361E-13	7.012E-23
1.6615E-13	7.006E-23
1.6874E-13	6.999E-23
1.7136E-13	6.994E-23
1.7403E-13	6.988E-23
1.7674E-13	6.983E-23
1.7949E-13	6.978E-23
1.8228E-13	6.974E-23
1.8512E-13	6.970E-23
1.8800E-13	6.966E-23
1.9092E-13	6.962E-23
1.9389E-13	6.959E-23
1.9691E-13	6.956E-23
1.9998E-13	6.954E-23
2.0309E-13	6.952E-23
2.0625E-13	6.950E-23
2.0946E-13	6.948E-23
2.1272E-13	6.947E-23
2.1603E-13	6.945E-23
2.1939E-13	6.945E-23
2.2280E-13	6.944E-23
2.2627E-13	6.944E-23
2.2979E-13	6.944E-23
2.3336E-13	6.944E-23
2.3699E-13	6.945E-23
2.4068E-13	6.946E-23
2.4443E-13	6.947E-23
2.4823E-13	6.948E-23
2.5209E-13	6.949E-23
2.5602E-13	6.951E-23
2.6000E-13	6.953E-23
2.6405E-13	6.956E-23
2.6815E-13	6.958E-23
2.7233E-13	6.961E-23
2.7656E-13	6.964E-23
2.8087E-13	6.967E-23
2.8524E-13	6.970E-23
2.8968E-13	6.974E-23
2.9418E-13	6.978E-23
2.9876E-13	6.982E-23
3.0341E-13	6.986E-23
3.0813E-13	6.990E-23
3.1293E-13	6.995E-23
3.1779E-13	7.000E-23
3.2274E-13	7.005E-23
3.2776E-13	7.010E-23
3.3286E-13	7.015E-23
3.3804E-13	7.021E-23
3.4330E-13	7.026E-23
3.4864E-13	7.032E-23
3.5407E-13	7.038E-23
3.5958E-13	7.044E-23
3.6517E-13	7.051E-23
3.7085E-13	7.057E-23
3.7662E-13	7.064E-23
3.8248E-13	7.071E-23
3.8844E-13	7.078E-23
3.9448E-13	7.085E-23
4.0062E-13	7.092E-23
4.0685E-13	7.100E-23
4.1318E-13	7.107E-23
4.1961E-13	7.115E-23
4.2614E-13	7.123E-23
4.3277E-13	7.131E-23
4.3951E-13	7.139E-23
4.4635E-13	7.147E-23
4.5329E-13	7.156E-23
4.6034E-13	7.164E-23
4.6751E-13	7.173E-23
4.7478E-13	7.182E-23
4.8217E-13	7.191E-23
4.8967E-13	7.200E-23
4.9729E-13	7.209E-23
5.0503E-13	7.218E-23
5.1289E-13	7.227E-23
5.2087E-13	7.237E-23
5.2897E-13	7.246E-23
5.3720E-13	7.256E-23
5.4556E-13	7.266E-23
5.5405E-13	7.276E-23
5.6267E-13	7.286E-23
5.7143E-13	7.296E-23
5.8032E-13	7.306E-23
5.8935E-13	7.316E-23
5.9852E-13	7.327E-23
6.0783E-13	7.337E-23
6.1729E-13	7.348E-23
6.2690E-13	7.358E-23
6.3665E-13	7.369E-23
6.4656E-13	7.380E-23
6.5662E-13	7.391E-23
6.6684E-13	7.402E-23
6.7721E-13	7.413E-23
6.8775E-13	7.424E-23
6.9845E-13	7.435E-23
7.0932E-13	7.446E-23
7.2036E-13	7.458E-23
7.3156E-13	7.469E-23
7.4295E-13	7.481E-23
7.5451E-13	7.492E-23
7.6625E-13	7.504E-23
7.7817E-13	7.515E-23
7.9028E-13	7.527E-23
8.0258E-13	7.539E-23
8.1507E-13	7.551E-23
8.2775E-13	7.563E-23
8.4063E-13	7.575E-23
8.5371E-13	7.587E-23
8.6699E-13	7.599E-23
8.8048E-13	7.611E-23
8.9418E-13	7.623E-23
9.0810E-13	7.636E-23
9.2223E-13	7.648E-23
9.3658E-13	7.660E-23
9.5115E-13	7.673E-23
9.6595E-13	7.685E-23
9.8098E-13	7.698E-23
9.9625E-13	7.710E-23
1.0117E-12	7.723E-23
1.0275E-12	7.736E-23
1.0435E-12	7.748E-23
1.0597E-12	7.761E-23
1.0762E-12	7.774E-23
1.0930E-12	7.787E-23
1.1100E-12	7.800E-23
1.1272E-12	7.813E-23
1.1448E-12	7.826E-23
1.1626E-12	7.839E-23
1.1807E-12	7.852E-23
1.1990E-12	7.865E-23
1.2177E-12	7.878E-23
1.2366E-12	7.891E-23
1.2559E-12	7.904E-23
1.2754E-12	7.917E-23
1.2953E-12	7.931E-23
1.3154E-12	7.944E-23
1.3359E-12	7.957E-23
1.3567E-12	7.971E-23
1.3778E-12	7.984E-23
1.3992E-12	7.998E-23
1.4210E-12	8.011E-23
1.4431E-12	8.024E-23
1.4656E-12	8.038E-23
1.4884E-12	8.052E-23
1.5115E-12	8.065E-23
1.5351E-12	8.079E-23
1.5589E-12	8.092E-23
1.5832E-12	8.106E-23
1.6078E-12	8.120E-23
1.6329E-12	8.133E-23
1.6583E-12	8.147E-23
1.6841E-12	8.161E-23
1.7103E-12	8.175E-23
1.7369E-12	8.188E-23
1.7639E-12	8.202E-23
1.7914E-12	8.216E-23
1.8192E-12	8.230E-23
1.8475E-12	8.244E-23
1.8763E-12	8.258E-23
1.9055E-12	8.272E-23
1.9351E-12	8.286E-23
1.9652E-12	8.300E-23
1.9958E-12	8.313E-23
2.0269E-12	8.327E-23
2.0584E-12	8.342E-23
2.0904E-12	8.356E-23
2.1230E-12	8.370E-23
2.1560E-12	8.384E-23
2.1896E-12	8.398E-23
2.2236E-12	8.412E-23
2.2582E-12	8.426E-23
2.2934E-12	8.440E-23
2.3290E-12	8.454E-23
2.3653E-12	8.468E-23
2.4021E-12	8.483E-23
2.4395E-12	8.497E-23
2.4774E-12	8.511E-23
2.5160E-12	8.525E-23
2.5551E-12	8.539E-23
2.5949E-12	8.554E-23
2.6353E-12	8.568E-23
2.6763E-12	8.582E-23
2.7179E-12	8.597E-23
2.7602E-12	8.611E-23
2.8032E-12	8.625E-23
2.8468E-12	8.639E-23
2.8911E-12	8.654E-23
2.9361E-12	8.668E-23
2.9817E-12	8.683E-23
3.0281E-12	8.697E-23
3.0753E-12	8.711E-23
3.1231E-12	8.726E-23
3.1717E-12	8.740E-23
3.2211E-12	8.754E-23
3.2712E-12	8.769E-23
3.3221E-12	8.783E-23
3.3738E-12	8.798E-23
3.4263E-12	8.812E-23
3.4796E-12	8.827E-23
3.5337E-12	8.841E-23
3.5887E-12	8.856E-23
3.6445E-12	8.870E-23
3.7013E-12	8.885E-23
3.7588E-12	8.899E-23
3.8173E-12	8.914E-23
3.8767E-12	8.928E-23
3.9371E-12	8.943E-23
3.9983E-12	8.957E-23
4.0605E-12	8.972E-23
4.1237E-12	8.986E-23
4.1879E-12	9.001E-23
4.2530E-12	9.015E-23
4.3192E-12	9.030E-23
4.3864E-12	9.045E-23
4.4547E-12	9.059E-23
4.5240E-12	9.074E-23
4.5944E-12	9.088E-23
4.6659E-12	9.103E-23
4.7385E-12	9.118E-23
4.8122E-12	9.132E-23
4.8871E-12	9.147E-23
4.9631E-12	9.161E-23
5.0404E-12	9.176E-23
5.1188E-12	9.191E-23
5.1984E-12	9.205E-23
5.2793E-12	9.220E-23
5.3615E-12	9.235E-23
5.4449E-12	9.249E-23
5.5296E-12	9.264E-23
5.6157E-12	9.279E-23
5.7031E-12	9.293E-23
5.7918E-12	9.308E-23
5.8819E-12	9.323E-23
5.9734E-12	9.337E-23
6.0664E-12	9.352E-23
6.1608E-12	9.367E-23
6.2566E-12	9.381E-23
6.3540E-12	9.396E-23
6.4529E-12	9.411E-23
6.5533E-12	9.426E-23
6.6553E-12	9.440E-23
6.7588E-12	9.455E-23
6.8640E-12	9.470E-23
6.9708E-12	9.484E-23
7.0792E-12	9.499E-23
7.1894E-12	9.514E-23
7.3013E-12	9.529E-23
7.4149E-12	9.543E-23
7.5303E-12	9.558E-23
7.6474E-12	9.573E-23
7.7664E-12	9.588E-23
7.8873E-12	9.602E-23
8.0100E-12	9.617E-23
#-------------------------------------
