# EXCITATION
# Energy (Joules) | Cross Section (m2)
#-------------------------------------
2.2695E-18	0.000E+00
2.2714E-18	6.145E-24
2.2736E-18	7.500E-24
2.2758E-18	9.189E-24
2.2779E-18	1.262E-23
2.2801E-18	1.543E-23
2.2823E-18	1.886E-23
2.2845E-18	2.098E-23
2.2867E-18	2.428E-23
2.2888E-18	2.239E-23
2.2910E-18	2.443E-23
2.2932E-18	2.606E-23
2.2954E-18	2.914E-23
2.2976E-18	2.437E-23
2.2997E-18	2.340E-23
2.3019E-18	2.022E-23
2.3041E-18	1.966E-23
2.3063E-18	1.966E-23
2.3085E-18	1.869E-23
2.3106E-18	1.906E-23
2.3128E-18	1.826E-23
2.3150E-18	1.922E-23
2.3172E-18	1.930E-23
2.3194E-18	1.935E-23
2.3215E-18	1.909E-23
2.3237E-18	1.897E-23
2.3259E-18	1.852E-23
2.3281E-18	1.882E-23
2.3303E-18	1.899E-23
2.3324E-18	1.726E-23
2.3346E-18	1.845E-23
2.3368E-18	1.590E-23
2.3390E-18	1.457E-23
2.3412E-18	1.448E-23
2.3433E-18	1.477E-23
2.3455E-18	1.600E-23
2.3477E-18	1.781E-23
2.3499E-18	2.003E-23
2.3520E-18	2.148E-23
2.3542E-18	2.386E-23
2.3564E-18	2.467E-23
2.3586E-18	2.517E-23
2.3608E-18	2.555E-23
2.3630E-18	2.586E-23
2.3651E-18	2.735E-23
2.3673E-18	2.913E-23
2.3695E-18	3.048E-23
2.3717E-18	3.116E-23
2.3739E-18	3.143E-23
2.3760E-18	3.065E-23
2.3782E-18	3.079E-23
2.3804E-18	3.074E-23
2.3826E-18	2.917E-23
2.3847E-18	2.852E-23
2.3869E-18	2.737E-23
2.3891E-18	2.606E-23
2.3913E-18	2.569E-23
2.3935E-18	2.543E-23
2.3978E-18	2.688E-23
2.4000E-18	2.563E-23
2.4022E-18	2.727E-23
2.4044E-18	2.617E-23
2.4066E-18	2.584E-23
2.4087E-18	2.617E-23
2.4109E-18	2.471E-23
2.4131E-18	2.680E-23
2.4153E-18	2.755E-23
2.4174E-18	2.721E-23
2.4196E-18	2.658E-23
2.4218E-18	2.599E-23
2.4240E-18	2.591E-23
2.4262E-18	2.464E-23
2.4283E-18	2.368E-23
2.4327E-18	2.662E-23
2.4349E-18	2.764E-23
2.4371E-18	2.618E-23
2.4393E-18	2.760E-23
2.4414E-18	2.880E-23
2.4436E-18	2.841E-23
2.4458E-18	2.774E-23
2.4480E-18	2.712E-23
2.4501E-18	2.645E-23
2.4523E-18	2.648E-23
2.4545E-18	2.719E-23
2.4567E-18	2.653E-23
2.4589E-18	2.701E-23
2.4610E-18	2.706E-23
2.4632E-18	2.757E-23
2.4654E-18	2.897E-23
2.4698E-18	2.940E-23
2.4719E-18	3.023E-23
2.4741E-18	2.952E-23
2.4763E-18	2.941E-23
2.4785E-18	3.061E-23
2.4807E-18	2.953E-23
2.4829E-18	2.994E-23
2.4850E-18	2.796E-23
2.4872E-18	2.749E-23
2.4894E-18	2.731E-23
2.4916E-18	2.727E-23
2.4937E-18	4.070E-23
2.4959E-18	2.738E-23
2.4981E-18	2.674E-23
2.5003E-18	2.645E-23
2.5025E-18	2.737E-23
2.5046E-18	2.739E-23
2.5068E-18	2.690E-23
2.5090E-18	2.634E-23
2.5112E-18	2.643E-23
2.5134E-18	2.733E-23
2.5156E-18	2.681E-23
2.5177E-18	2.698E-23
2.5199E-18	2.778E-23
2.5221E-18	2.871E-23
2.5243E-18	3.135E-23
2.5264E-18	3.157E-23
2.5286E-18	3.230E-23
2.5308E-18	2.945E-23
2.5330E-18	3.180E-23
2.5352E-18	3.519E-23
2.5373E-18	3.696E-23
2.5635E-18	4.471E-23
2.6837E-18	3.831E-23
2.7638E-18	4.120E-23
2.8038E-18	6.043E-23
2.8839E-18	5.485E-23
2.8920E-18	5.215E-23
2.9000E-18	5.179E-23
2.9080E-18	4.953E-23
2.9240E-18	4.820E-23
3.0842E-18	7.335E-23
3.2044E-18	4.788E-23
3.3646E-18	6.187E-23
3.5248E-18	4.931E-23
3.6850E-18	6.269E-23
3.8452E-18	5.452E-23
4.0055E-18	6.446E-23
4.8066E-18	5.094E-23
5.6077E-18	4.441E-23
6.4088E-18	3.799E-23
8.0109E-18	3.329E-23
9.6131E-18	3.064E-23
1.1215E-17	2.727E-23
1.2818E-17	2.504E-23
1.4420E-17	2.333E-23
1.6022E-17	2.185E-23
2.0027E-17	1.856E-23
2.4033E-17	1.626E-23
2.8038E-17	1.455E-23
3.2044E-17	1.326E-23
3.6049E-17	1.227E-23
4.0055E-17	1.146E-23
4.4060E-17	1.079E-23
5.2408E-17	9.553E-24
5.7291E-17	8.907E-24
6.2629E-17	8.300E-24
6.8465E-17	7.731E-24
7.4844E-17	7.197E-24
8.1817E-17	6.698E-24
8.9440E-17	6.230E-24
9.7773E-17	5.793E-24
1.0688E-16	5.384E-24
1.1684E-16	5.003E-24
1.2773E-16	4.647E-24
1.3963E-16	4.315E-24
1.5264E-16	4.005E-24
1.6686E-16	3.717E-24
1.8241E-16	3.449E-24
1.9940E-16	3.199E-24
2.1798E-16	2.966E-24
2.3829E-16	2.750E-24
2.6049E-16	2.550E-24
2.8476E-16	2.363E-24
3.1129E-16	2.190E-24
3.4030E-16	2.029E-24
3.7200E-16	1.879E-24
4.0666E-16	1.741E-24
4.4455E-16	1.612E-24
4.8597E-16	1.493E-24
5.3125E-16	1.383E-24
5.8074E-16	1.280E-24
6.3485E-16	1.185E-24
6.9400E-16	1.097E-24
7.5867E-16	1.016E-24
8.2935E-16	9.400E-25
9.0662E-16	8.701E-25
9.9109E-16	8.054E-25
1.0834E-15	7.455E-25
1.1844E-15	6.901E-25
1.2947E-15	6.388E-25
1.4154E-15	5.914E-25
1.5472E-15	5.475E-25
1.6914E-15	5.069E-25
1.8490E-15	4.694E-25
2.0213E-15	4.348E-25
2.2096E-15	4.027E-25
2.4154E-15	3.731E-25
2.6405E-15	3.457E-25
2.8865E-15	3.204E-25
3.1555E-15	2.971E-25
3.4495E-15	2.755E-25
3.7709E-15	2.556E-25
4.1222E-15	2.372E-25
4.5063E-15	2.202E-25
4.9261E-15	2.046E-25
5.3851E-15	1.901E-25
5.8868E-15	1.768E-25
6.4353E-15	1.645E-25
7.0349E-15	1.532E-25
7.6903E-15	1.427E-25
8.4069E-15	1.331E-25
9.1901E-15	1.242E-25
1.0046E-14	1.160E-25
1.0982E-14	1.085E-25
1.2006E-14	1.016E-25
1.3124E-14	9.522E-26
1.4347E-14	8.936E-26
1.5684E-14	8.397E-26
1.7145E-14	7.902E-26
1.8743E-14	7.448E-26
2.0489E-14	7.031E-26
2.2398E-14	6.649E-26
2.4485E-14	6.299E-26
2.6766E-14	5.979E-26
2.9260E-14	5.686E-26
3.1986E-14	5.418E-26
3.4966E-14	5.175E-26
3.8224E-14	4.953E-26
4.1785E-14	4.751E-26
4.5678E-14	4.568E-26
4.9934E-14	4.403E-26
5.4587E-14	4.254E-26
5.9673E-14	4.120E-26
6.5233E-14	4.000E-26
7.1310E-14	3.893E-26
7.7955E-14	3.798E-26
8.5218E-14	3.714E-26
9.3158E-14	3.640E-26
1.0184E-13	3.576E-26
1.1133E-13	3.521E-26
1.2170E-13	3.475E-26
1.3304E-13	3.435E-26
1.4543E-13	3.403E-26
1.5898E-13	3.378E-26
1.7379E-13	3.358E-26
1.8999E-13	3.344E-26
2.0769E-13	3.335E-26
2.2704E-13	3.331E-26
2.4819E-13	3.331E-26
2.7132E-13	3.335E-26
2.9660E-13	3.343E-26
3.2423E-13	3.353E-26
3.5444E-13	3.367E-26
3.8746E-13	3.383E-26
4.2356E-13	3.402E-26
4.6303E-13	3.423E-26
5.0617E-13	3.446E-26
5.5333E-13	3.470E-26
6.0488E-13	3.496E-26
6.6124E-13	3.524E-26
7.2285E-13	3.553E-26
7.9020E-13	3.583E-26
8.6382E-13	3.614E-26
9.4431E-13	3.646E-26
1.0323E-12	3.678E-26
1.1285E-12	3.711E-26
1.2336E-12	3.745E-26
1.3485E-12	3.780E-26
1.4742E-12	3.815E-26
1.6115E-12	3.850E-26
1.7617E-12	3.886E-26
1.9258E-12	3.922E-26
2.1053E-12	3.959E-26
2.3014E-12	3.996E-26
2.5158E-12	4.033E-26
2.7503E-12	4.070E-26
3.0065E-12	4.107E-26
3.2866E-12	4.145E-26
3.5928E-12	4.182E-26
3.9276E-12	4.220E-26
4.2935E-12	4.258E-26
4.6936E-12	4.296E-26
5.1309E-12	4.334E-26
5.6089E-12	4.372E-26
6.1315E-12	4.411E-26
6.7028E-12	4.449E-26
7.3273E-12	4.488E-26
8.0100E-12	4.526E-26
#-------------------------------------
