# EXCITATION
# Energy (Joules) | Cross Section (m2)
#-------------------------------------
1.8950E-18	0.000E+00
1.8965E-18	3.752E-23
1.8986E-18	1.012E-22
1.9008E-18	1.449E-22
1.9030E-18	1.215E-22
1.9052E-18	1.129E-22
1.9074E-18	1.071E-22
1.9095E-18	1.034E-22
1.9117E-18	1.012E-22
1.9139E-18	9.977E-23
1.9161E-18	9.847E-23
1.9183E-18	9.803E-23
1.9205E-18	9.790E-23
1.9226E-18	9.803E-23
1.9248E-18	9.838E-23
1.9270E-18	9.892E-23
1.9292E-18	9.964E-23
1.9313E-18	1.005E-22
1.9335E-18	1.015E-22
1.9357E-18	1.027E-22
1.9379E-18	1.023E-22
1.9401E-18	1.036E-22
1.9422E-18	1.049E-22
1.9444E-18	1.064E-22
1.9466E-18	1.080E-22
1.9488E-18	1.096E-22
1.9510E-18	1.114E-22
1.9531E-18	1.133E-22
1.9553E-18	1.153E-22
1.9575E-18	1.174E-22
1.9597E-18	1.195E-22
1.9619E-18	1.218E-22
1.9640E-18	1.239E-22
1.9662E-18	1.264E-22
1.9684E-18	1.289E-22
1.9706E-18	1.316E-22
1.9728E-18	1.343E-22
1.9749E-18	1.372E-22
1.9771E-18	1.401E-22
1.9793E-18	1.432E-22
1.9815E-18	1.463E-22
1.9837E-18	1.495E-22
1.9858E-18	1.528E-22
1.9880E-18	1.562E-22
1.9902E-18	1.596E-22
1.9924E-18	1.632E-22
1.9946E-18	1.671E-22
1.9967E-18	1.708E-22
1.9989E-18	1.746E-22
2.0011E-18	1.784E-22
2.0033E-18	1.823E-22
2.0055E-18	1.863E-22
2.0076E-18	1.902E-22
2.0098E-18	1.943E-22
2.0120E-18	1.983E-22
2.0142E-18	2.025E-22
2.0164E-18	2.066E-22
2.0185E-18	2.108E-22
2.0207E-18	2.151E-22
2.0229E-18	2.193E-22
2.0251E-18	2.236E-22
2.0273E-18	2.279E-22
2.0294E-18	2.322E-22
2.0316E-18	2.365E-22
2.0338E-18	2.409E-22
2.0360E-18	2.453E-22
2.0381E-18	2.497E-22
2.0403E-18	2.541E-22
2.0425E-18	2.586E-22
2.0447E-18	2.631E-22
2.0469E-18	2.675E-22
2.0491E-18	2.720E-22
2.0512E-18	2.765E-22
2.0534E-18	2.810E-22
2.0556E-18	2.854E-22
2.0578E-18	2.899E-22
2.0600E-18	2.943E-22
2.0621E-18	2.988E-22
2.0643E-18	3.032E-22
2.0665E-18	3.075E-22
2.0687E-18	3.119E-22
2.0708E-18	3.161E-22
2.0730E-18	3.204E-22
2.0752E-18	3.245E-22
2.0774E-18	3.285E-22
2.0796E-18	3.324E-22
2.0818E-18	3.363E-22
2.0839E-18	3.398E-22
2.0861E-18	3.431E-22
2.0883E-18	3.466E-22
2.0905E-18	3.500E-22
2.0927E-18	3.549E-22
2.0948E-18	3.830E-22
2.0970E-18	3.582E-22
2.0992E-18	3.456E-22
2.1014E-18	3.215E-22
2.1036E-18	3.268E-22
2.1057E-18	3.139E-22
2.1079E-18	3.004E-22
2.1101E-18	2.861E-22
2.1123E-18	2.713E-22
2.1144E-18	2.508E-22
2.1166E-18	3.504E-22
2.1188E-18	3.428E-22
2.1210E-18	3.330E-22
2.1232E-18	3.437E-22
2.1254E-18	3.541E-22
2.1275E-18	3.602E-22
2.1297E-18	3.722E-22
2.1319E-18	3.865E-22
2.1341E-18	3.963E-22
2.1363E-18	4.044E-22
2.1384E-18	4.099E-22
2.1406E-18	4.140E-22
2.1428E-18	4.180E-22
2.1450E-18	4.205E-22
2.1471E-18	4.135E-22
2.1493E-18	4.141E-22
2.1515E-18	4.133E-22
2.1537E-18	4.146E-22
2.1559E-18	4.118E-22
2.1581E-18	4.086E-22
2.1602E-18	4.069E-22
2.1624E-18	4.057E-22
2.1646E-18	4.077E-22
2.1668E-18	4.102E-22
2.1690E-18	4.131E-22
2.1711E-18	4.159E-22
2.1733E-18	4.239E-22
2.1755E-18	4.241E-22
2.1777E-18	4.045E-22
2.1798E-18	3.948E-22
2.1820E-18	3.932E-22
2.1842E-18	3.945E-22
2.1864E-18	4.045E-22
2.1886E-18	4.070E-22
2.1907E-18	4.096E-22
2.1929E-18	4.120E-22
2.1951E-18	4.142E-22
2.1973E-18	4.161E-22
2.1995E-18	4.178E-22
2.2017E-18	4.191E-22
2.2038E-18	4.201E-22
2.2060E-18	4.208E-22
2.2082E-18	4.187E-22
2.2104E-18	4.216E-22
2.2125E-18	4.219E-22
2.2147E-18	4.220E-22
2.2169E-18	4.222E-22
2.2191E-18	4.226E-22
2.2213E-18	4.229E-22
2.2234E-18	4.230E-22
2.2256E-18	4.240E-22
2.2278E-18	4.203E-22
2.2300E-18	4.245E-22
2.2322E-18	4.247E-22
2.2343E-18	4.242E-22
2.2365E-18	4.229E-22
2.2387E-18	4.230E-22
2.2409E-18	4.328E-22
2.2431E-18	4.370E-22
2.2452E-18	4.058E-22
2.2474E-18	4.324E-22
2.2496E-18	4.342E-22
2.2518E-18	4.358E-22
2.2540E-18	4.385E-22
2.2561E-18	4.432E-22
2.2583E-18	4.483E-22
2.2605E-18	4.533E-22
2.2627E-18	4.533E-22
2.2649E-18	4.536E-22
2.2670E-18	4.536E-22
2.2692E-18	4.391E-22
2.2714E-18	4.470E-22
2.2736E-18	4.395E-22
2.2758E-18	4.552E-22
2.2779E-18	4.652E-22
2.2801E-18	4.732E-22
2.2823E-18	4.772E-22
2.2845E-18	4.765E-22
2.2867E-18	4.658E-22
2.2888E-18	4.510E-22
2.2910E-18	4.733E-22
2.2932E-18	4.692E-22
2.2954E-18	4.950E-22
2.2976E-18	4.819E-22
2.2997E-18	4.989E-22
2.3019E-18	5.085E-22
2.3041E-18	5.107E-22
2.3063E-18	5.134E-22
2.3085E-18	5.147E-22
2.3106E-18	5.133E-22
2.3128E-18	5.142E-22
2.3150E-18	5.179E-22
2.3172E-18	5.209E-22
2.3194E-18	5.249E-22
2.3215E-18	5.267E-22
2.3237E-18	5.310E-22
2.3259E-18	5.359E-22
2.3281E-18	5.399E-22
2.3303E-18	5.446E-22
2.3324E-18	5.511E-22
2.3346E-18	5.504E-22
2.3368E-18	5.576E-22
2.3390E-18	5.586E-22
2.3412E-18	5.622E-22
2.3433E-18	5.632E-22
2.3455E-18	5.677E-22
2.3477E-18	5.692E-22
2.3499E-18	5.736E-22
2.3520E-18	5.767E-22
2.3542E-18	5.833E-22
2.3564E-18	5.901E-22
2.3586E-18	5.969E-22
2.3608E-18	6.029E-22
2.3630E-18	6.074E-22
2.3651E-18	6.071E-22
2.3673E-18	6.126E-22
2.3695E-18	6.122E-22
2.3717E-18	6.155E-22
2.3739E-18	6.165E-22
2.3760E-18	6.196E-22
2.3782E-18	6.233E-22
2.3804E-18	6.270E-22
2.3826E-18	6.308E-22
2.3847E-18	6.310E-22
2.3869E-18	6.335E-22
2.3891E-18	6.311E-22
2.3913E-18	6.342E-22
2.3935E-18	6.368E-22
2.3978E-18	6.377E-22
2.4000E-18	6.410E-22
2.4022E-18	6.364E-22
2.4044E-18	6.478E-22
2.4066E-18	6.516E-22
2.4087E-18	6.516E-22
2.4109E-18	6.574E-22
2.4131E-18	6.678E-22
2.4153E-18	6.698E-22
2.4174E-18	6.694E-22
2.4196E-18	6.732E-22
2.4218E-18	6.702E-22
2.4240E-18	6.719E-22
2.4262E-18	6.751E-22
2.4283E-18	6.769E-22
2.4327E-18	6.774E-22
2.4349E-18	6.885E-22
2.4371E-18	6.645E-22
2.4393E-18	6.739E-22
2.4414E-18	6.873E-22
2.4436E-18	6.920E-22
2.4458E-18	6.946E-22
2.4480E-18	7.006E-22
2.4501E-18	7.017E-22
2.4523E-18	7.003E-22
2.4545E-18	7.012E-22
2.4567E-18	6.968E-22
2.4589E-18	6.971E-22
2.4610E-18	6.863E-22
2.4632E-18	6.941E-22
2.4654E-18	6.974E-22
2.4698E-18	6.817E-22
2.4719E-18	6.842E-22
2.4741E-18	6.933E-22
2.4763E-18	7.000E-22
2.4785E-18	7.023E-22
2.4807E-18	7.097E-22
2.4829E-18	7.150E-22
2.4850E-18	7.133E-22
2.4872E-18	7.156E-22
2.4894E-18	7.149E-22
2.4916E-18	7.200E-22
2.4937E-18	7.422E-22
2.4959E-18	7.286E-22
2.4981E-18	7.321E-22
2.5003E-18	7.315E-22
2.5025E-18	7.406E-22
2.5046E-18	7.460E-22
2.5068E-18	7.456E-22
2.5090E-18	7.509E-22
2.5112E-18	7.546E-22
2.5134E-18	7.619E-22
2.5156E-18	7.655E-22
2.5177E-18	7.683E-22
2.5199E-18	7.769E-22
2.5221E-18	7.711E-22
2.5243E-18	7.730E-22
2.5264E-18	7.764E-22
2.5286E-18	7.828E-22
2.5308E-18	7.974E-22
2.5330E-18	7.844E-22
2.5352E-18	7.868E-22
2.5373E-18	7.848E-22
2.5635E-18	8.258E-22
2.6837E-18	8.456E-22
2.7638E-18	9.490E-22
2.8038E-18	9.568E-22
2.8839E-18	9.599E-22
2.8920E-18	9.593E-22
2.9000E-18	9.586E-22
2.9080E-18	9.727E-22
2.9240E-18	9.975E-22
3.0842E-18	1.004E-21
3.2044E-18	1.072E-21
3.3646E-18	1.066E-21
3.5248E-18	1.128E-21
3.6850E-18	1.165E-21
3.8452E-18	1.212E-21
4.0055E-18	1.253E-21
4.8066E-18	1.472E-21
5.6077E-18	1.714E-21
6.4088E-18	1.810E-21
8.0109E-18	1.972E-21
9.6131E-18	2.073E-21
1.1215E-17	2.123E-21
1.2818E-17	2.131E-21
1.4420E-17	2.114E-21
1.6022E-17	2.084E-21
2.0027E-17	1.977E-21
2.4033E-17	1.860E-21
2.8038E-17	1.751E-21
3.2044E-17	1.654E-21
3.6049E-17	1.568E-21
4.0055E-17	1.488E-21
4.4060E-17	1.414E-21
5.2408E-17	1.280E-21
5.7291E-17	1.213E-21
6.2629E-17	1.149E-21
6.8465E-17	1.086E-21
7.4844E-17	1.024E-21
8.1817E-17	9.654E-22
8.9440E-17	9.086E-22
9.7773E-17	8.540E-22
1.0688E-16	8.018E-22
1.1684E-16	7.520E-22
1.2773E-16	7.045E-22
1.3963E-16	6.594E-22
1.5264E-16	6.167E-22
1.6686E-16	5.762E-22
1.8241E-16	5.380E-22
1.9940E-16	5.020E-22
2.1798E-16	4.681E-22
2.3829E-16	4.362E-22
2.6049E-16	4.062E-22
2.8476E-16	3.781E-22
3.1129E-16	3.518E-22
3.4030E-16	3.271E-22
3.7200E-16	3.041E-22
4.0666E-16	2.826E-22
4.4455E-16	2.625E-22
4.8597E-16	2.437E-22
5.3125E-16	2.263E-22
5.8074E-16	2.100E-22
6.3485E-16	1.948E-22
6.9400E-16	1.807E-22
7.5867E-16	1.676E-22
8.2935E-16	1.554E-22
9.0662E-16	1.441E-22
9.9109E-16	1.336E-22
1.0834E-15	1.238E-22
1.1844E-15	1.148E-22
1.2947E-15	1.064E-22
1.4154E-15	9.860E-23
1.5472E-15	9.138E-23
1.6914E-15	8.470E-23
1.8490E-15	7.850E-23
2.0213E-15	7.277E-23
2.2096E-15	6.746E-23
2.4154E-15	6.255E-23
2.6405E-15	5.801E-23
2.8865E-15	5.380E-23
3.1555E-15	4.991E-23
3.4495E-15	4.632E-23
3.7709E-15	4.300E-23
4.1222E-15	3.993E-23
4.5063E-15	3.709E-23
4.9261E-15	3.447E-23
5.3851E-15	3.205E-23
5.8868E-15	2.982E-23
6.4353E-15	2.776E-23
7.0349E-15	2.586E-23
7.6903E-15	2.410E-23
8.4069E-15	2.248E-23
9.1901E-15	2.099E-23
1.0046E-14	1.962E-23
1.0982E-14	1.835E-23
1.2006E-14	1.719E-23
1.3124E-14	1.611E-23
1.4347E-14	1.513E-23
1.5684E-14	1.422E-23
1.7145E-14	1.339E-23
1.8743E-14	1.262E-23
2.0489E-14	1.192E-23
2.2398E-14	1.127E-23
2.4485E-14	1.068E-23
2.6766E-14	1.014E-23
2.9260E-14	9.645E-24
3.1986E-14	9.194E-24
3.4966E-14	8.782E-24
3.8224E-14	8.407E-24
4.1785E-14	8.067E-24
4.5678E-14	7.759E-24
4.9934E-14	7.480E-24
5.4587E-14	7.228E-24
5.9673E-14	7.002E-24
6.5233E-14	6.799E-24
7.1310E-14	6.619E-24
7.7955E-14	6.458E-24
8.5218E-14	6.317E-24
9.3158E-14	6.193E-24
1.0184E-13	6.086E-24
1.1133E-13	5.994E-24
1.2170E-13	5.916E-24
1.3304E-13	5.850E-24
1.4543E-13	5.797E-24
1.5898E-13	5.755E-24
1.7379E-13	5.723E-24
1.8999E-13	5.701E-24
2.0769E-13	5.687E-24
2.2704E-13	5.681E-24
2.4819E-13	5.682E-24
2.7132E-13	5.690E-24
2.9660E-13	5.705E-24
3.2423E-13	5.724E-24
3.5444E-13	5.749E-24
3.8746E-13	5.778E-24
4.2356E-13	5.812E-24
4.6303E-13	5.849E-24
5.0617E-13	5.889E-24
5.5333E-13	5.932E-24
6.0488E-13	5.979E-24
6.6124E-13	6.027E-24
7.2285E-13	6.078E-24
7.9020E-13	6.130E-24
8.6382E-13	6.185E-24
9.4431E-13	6.241E-24
1.0323E-12	6.298E-24
1.1285E-12	6.356E-24
1.2336E-12	6.416E-24
1.3485E-12	6.476E-24
1.4742E-12	6.538E-24
1.6115E-12	6.600E-24
1.7617E-12	6.662E-24
1.9258E-12	6.726E-24
2.1053E-12	6.789E-24
2.3014E-12	6.854E-24
2.5158E-12	6.918E-24
2.7503E-12	6.984E-24
3.0065E-12	7.049E-24
3.2866E-12	7.115E-24
3.5928E-12	7.181E-24
3.9276E-12	7.247E-24
4.2935E-12	7.313E-24
4.6936E-12	7.380E-24
5.1309E-12	7.446E-24
5.6089E-12	7.513E-24
6.1315E-12	7.580E-24
6.7028E-12	7.647E-24
7.3273E-12	7.715E-24
8.0100E-12	7.782E-24
#-------------------------------------
