# EXCITATION
# Energy (Joules) | Cross Section (m2)
#-------------------------------------
2.1464E-18	0.000E+00
2.1471E-18	3.024E-25
2.1493E-18	8.749E-25
2.1515E-18	1.329E-24
2.1537E-18	1.639E-24
2.1559E-18	1.955E-24
2.1581E-18	2.305E-24
2.1602E-18	2.507E-24
2.1624E-18	2.431E-24
2.1646E-18	2.625E-24
2.1668E-18	2.790E-24
2.1690E-18	3.111E-24
2.1711E-18	3.352E-24
2.1733E-18	3.742E-24
2.1755E-18	4.596E-24
2.1777E-18	4.175E-24
2.1798E-18	4.404E-24
2.1820E-18	4.261E-24
2.1842E-18	4.463E-24
2.1864E-18	4.830E-24
2.1886E-18	5.625E-24
2.1907E-18	6.137E-24
2.1929E-18	6.644E-24
2.1951E-18	7.139E-24
2.1973E-18	7.679E-24
2.1995E-18	8.158E-24
2.2017E-18	8.608E-24
2.2038E-18	8.984E-24
2.2060E-18	9.252E-24
2.2082E-18	9.638E-24
2.2104E-18	9.411E-24
2.2125E-18	9.319E-24
2.2147E-18	9.203E-24
2.2169E-18	9.101E-24
2.2191E-18	9.033E-24
2.2213E-18	9.001E-24
2.2234E-18	9.015E-24
2.2256E-18	9.058E-24
2.2278E-18	9.403E-24
2.2300E-18	9.136E-24
2.2322E-18	9.152E-24
2.2343E-18	9.146E-24
2.2365E-18	9.123E-24
2.2387E-18	1.042E-23
2.2409E-18	1.240E-23
2.2431E-18	1.196E-23
2.2452E-18	1.080E-23
2.2474E-18	1.133E-23
2.2496E-18	1.133E-23
2.2518E-18	1.143E-23
2.2540E-18	1.158E-23
2.2561E-18	1.169E-23
2.2583E-18	1.279E-23
2.2605E-18	1.370E-23
2.2627E-18	1.602E-23
2.2649E-18	1.294E-23
2.2670E-18	1.165E-23
2.2692E-18	1.047E-23
2.2714E-18	9.614E-24
2.2736E-18	9.876E-24
2.2758E-18	9.533E-24
2.2779E-18	9.247E-24
2.2801E-18	8.529E-24
2.2823E-18	8.031E-24
2.2845E-18	7.322E-24
2.2867E-18	8.991E-24
2.2888E-18	1.034E-23
2.2910E-18	9.722E-24
2.2932E-18	1.122E-23
2.2954E-18	9.841E-24
2.2976E-18	8.752E-24
2.2997E-18	8.472E-24
2.3019E-18	8.940E-24
2.3041E-18	9.567E-24
2.3063E-18	9.334E-24
2.3085E-18	9.392E-24
2.3106E-18	9.389E-24
2.3128E-18	9.380E-24
2.3150E-18	9.052E-24
2.3172E-18	9.242E-24
2.3194E-18	9.762E-24
2.3215E-18	9.856E-24
2.3237E-18	1.007E-23
2.3259E-18	1.036E-23
2.3281E-18	1.073E-23
2.3303E-18	1.091E-23
2.3324E-18	1.088E-23
2.3346E-18	1.035E-23
2.3368E-18	1.097E-23
2.3390E-18	1.122E-23
2.3412E-18	1.161E-23
2.3433E-18	1.191E-23
2.3455E-18	1.203E-23
2.3477E-18	1.215E-23
2.3499E-18	1.201E-23
2.3520E-18	1.177E-23
2.3542E-18	1.164E-23
2.3564E-18	1.203E-23
2.3586E-18	1.186E-23
2.3608E-18	1.181E-23
2.3630E-18	1.157E-23
2.3651E-18	1.149E-23
2.3673E-18	1.152E-23
2.3695E-18	1.204E-23
2.3717E-18	1.209E-23
2.3739E-18	1.230E-23
2.3760E-18	1.258E-23
2.3782E-18	1.268E-23
2.3804E-18	1.262E-23
2.3826E-18	1.302E-23
2.3847E-18	1.301E-23
2.3869E-18	1.302E-23
2.3891E-18	1.231E-23
2.3913E-18	1.214E-23
2.3935E-18	1.215E-23
2.3978E-18	1.230E-23
2.4000E-18	1.299E-23
2.4022E-18	1.265E-23
2.4044E-18	1.316E-23
2.4066E-18	1.421E-23
2.4087E-18	1.487E-23
2.4109E-18	1.459E-23
2.4131E-18	1.465E-23
2.4153E-18	1.497E-23
2.4174E-18	1.466E-23
2.4196E-18	1.482E-23
2.4218E-18	1.526E-23
2.4240E-18	1.495E-23
2.4262E-18	1.383E-23
2.4283E-18	1.380E-23
2.4327E-18	1.340E-23
2.4349E-18	1.349E-23
2.4371E-18	1.307E-23
2.4393E-18	1.383E-23
2.4414E-18	1.439E-23
2.4436E-18	1.393E-23
2.4458E-18	1.549E-23
2.4480E-18	1.508E-23
2.4501E-18	1.547E-23
2.4523E-18	1.544E-23
2.4545E-18	1.629E-23
2.4567E-18	1.680E-23
2.4589E-18	1.622E-23
2.4610E-18	1.637E-23
2.4632E-18	1.645E-23
2.4654E-18	1.706E-23
2.4698E-18	1.822E-23
2.4719E-18	1.792E-23
2.4741E-18	1.702E-23
2.4763E-18	1.678E-23
2.4785E-18	1.755E-23
2.4807E-18	1.733E-23
2.4829E-18	1.774E-23
2.4850E-18	1.696E-23
2.4872E-18	1.756E-23
2.4894E-18	1.781E-23
2.4916E-18	1.776E-23
2.4937E-18	2.330E-23
2.4959E-18	1.848E-23
2.4981E-18	1.845E-23
2.5003E-18	1.917E-23
2.5025E-18	1.867E-23
2.5046E-18	1.941E-23
2.5068E-18	1.938E-23
2.5090E-18	1.944E-23
2.5112E-18	1.929E-23
2.5134E-18	2.029E-23
2.5156E-18	2.043E-23
2.5177E-18	2.038E-23
2.5199E-18	2.013E-23
2.5221E-18	1.935E-23
2.5243E-18	1.977E-23
2.5264E-18	2.009E-23
2.5286E-18	1.954E-23
2.5308E-18	2.085E-23
2.5330E-18	1.985E-23
2.5352E-18	1.973E-23
2.5373E-18	1.920E-23
2.5635E-18	2.092E-23
2.6837E-18	2.844E-23
2.7638E-18	3.263E-23
2.8038E-18	3.499E-23
2.8839E-18	3.759E-23
2.8920E-18	3.844E-23
2.9000E-18	3.811E-23
2.9080E-18	3.767E-23
2.9240E-18	3.925E-23
3.0842E-18	5.864E-23
3.2044E-18	5.867E-23
3.3646E-18	6.724E-23
3.5248E-18	5.504E-23
3.6850E-18	5.644E-23
3.8452E-18	5.181E-23
4.0055E-18	5.618E-23
4.8066E-18	4.581E-23
5.6077E-18	4.653E-23
6.4088E-18	2.536E-23
8.0109E-18	1.952E-23
9.6131E-18	1.689E-23
1.1215E-17	1.295E-23
1.2818E-17	1.027E-23
1.4420E-17	8.287E-24
1.6022E-17	6.741E-24
2.0027E-17	4.134E-24
2.4033E-17	2.786E-24
2.8038E-17	1.989E-24
3.2044E-17	1.485E-24
3.6049E-17	1.148E-24
4.0055E-17	9.061E-25
4.4060E-17	7.248E-25
4.8066E-17	5.766E-25
4.8511E-17	5.553E-25
5.2421E-17	4.662E-25
5.6646E-17	3.913E-25
6.1211E-17	3.283E-25
6.6145E-17	2.754E-25
7.1476E-17	2.310E-25
7.7236E-17	1.937E-25
8.3461E-17	1.624E-25
9.0188E-17	1.362E-25
9.7456E-17	1.141E-25
1.0531E-16	9.565E-26
1.1380E-16	8.015E-26
1.2297E-16	6.716E-26
1.3288E-16	5.626E-26
1.4359E-16	4.713E-26
1.5516E-16	3.948E-26
1.6767E-16	3.306E-26
1.8118E-16	2.769E-26
1.9578E-16	2.319E-26
2.1156E-16	1.942E-26
2.2862E-16	1.626E-26
2.4704E-16	1.361E-26
2.6695E-16	1.140E-26
2.8847E-16	9.543E-27
3.1172E-16	7.989E-27
3.3684E-16	6.688E-27
3.6399E-16	5.598E-27
3.9332E-16	4.686E-27
4.2502E-16	3.922E-27
4.5928E-16	3.283E-27
4.9629E-16	2.748E-27
5.3629E-16	2.300E-27
5.7951E-16	1.925E-27
6.2622E-16	1.611E-27
6.7669E-16	1.348E-27
7.3123E-16	1.128E-27
7.9016E-16	9.444E-28
8.5384E-16	7.903E-28
9.2266E-16	6.614E-28
9.9702E-16	5.535E-28
1.0774E-15	4.632E-28
1.1642E-15	3.876E-28
1.2580E-15	3.244E-28
1.3594E-15	2.714E-28
1.4690E-15	2.271E-28
1.5874E-15	1.901E-28
1.7153E-15	1.590E-28
1.8536E-15	1.331E-28
2.0030E-15	1.114E-28
2.1644E-15	9.318E-29
2.3388E-15	7.797E-29
2.5273E-15	6.525E-29
2.7310E-15	5.460E-29
2.9511E-15	4.568E-29
3.1890E-15	3.823E-29
3.4460E-15	3.199E-29
3.7237E-15	2.676E-29
4.0239E-15	2.239E-29
4.3482E-15	1.874E-29
4.6986E-15	1.568E-29
5.0773E-15	1.312E-29
5.4865E-15	1.098E-29
5.9287E-15	9.185E-30
6.4065E-15	7.686E-30
6.9228E-15	6.431E-30
7.4808E-15	5.381E-30
8.0837E-15	4.502E-30
8.7352E-15	3.767E-30
9.4392E-15	3.152E-30
1.0200E-14	2.637E-30
1.1022E-14	2.207E-30
1.1910E-14	1.847E-30
1.2870E-14	1.545E-30
1.3908E-14	1.293E-30
1.5029E-14	1.082E-30
1.6240E-14	9.051E-31
1.7549E-14	7.573E-31
1.8963E-14	6.337E-31
2.0491E-14	5.302E-31
2.2143E-14	4.437E-31
2.3927E-14	3.712E-31
2.5856E-14	3.106E-31
2.7940E-14	2.599E-31
3.0191E-14	2.175E-31
3.2625E-14	1.820E-31
3.5254E-14	1.523E-31
3.8096E-14	1.275E-31
4.1166E-14	1.067E-31
4.4484E-14	8.926E-32
4.8069E-14	7.470E-32
5.1943E-14	6.252E-32
5.6129E-14	5.233E-32
6.0653E-14	4.380E-32
6.5541E-14	3.666E-32
7.0824E-14	3.069E-32
7.6532E-14	2.570E-32
8.2700E-14	2.152E-32
8.9365E-14	1.802E-32
9.6568E-14	1.510E-32
1.0435E-13	1.265E-32
1.1276E-13	1.060E-32
1.2185E-13	8.885E-33
1.3167E-13	7.451E-33
1.4228E-13	6.251E-33
1.5375E-13	5.247E-33
1.6614E-13	4.407E-33
1.7953E-13	3.704E-33
1.9400E-13	3.115E-33
2.0963E-13	2.623E-33
2.2653E-13	2.212E-33
2.4479E-13	1.867E-33
2.6452E-13	1.579E-33
2.8584E-13	1.338E-33
3.0887E-13	1.136E-33
3.3377E-13	9.671E-34
3.6067E-13	8.258E-34
3.8973E-13	7.076E-34
4.2115E-13	6.087E-34
4.5509E-13	5.259E-34
4.9177E-13	4.567E-34
5.3140E-13	3.987E-34
5.7423E-13	3.503E-34
6.2051E-13	3.097E-34
6.7052E-13	2.758E-34
7.2456E-13	2.474E-34
7.8296E-13	2.236E-34
8.4606E-13	2.037E-34
9.1425E-13	1.871E-34
9.8793E-13	1.732E-34
1.0676E-12	1.615E-34
1.1536E-12	1.518E-34
1.2466E-12	1.436E-34
1.3470E-12	1.368E-34
1.4556E-12	1.311E-34
1.5729E-12	1.263E-34
1.6997E-12	1.223E-34
1.8367E-12	1.190E-34
1.9847E-12	1.162E-34
2.1447E-12	1.139E-34
2.3175E-12	1.119E-34
2.5043E-12	1.103E-34
2.7061E-12	1.089E-34
2.9242E-12	1.077E-34
3.1599E-12	1.068E-34
3.4146E-12	1.060E-34
3.6898E-12	1.053E-34
3.9872E-12	1.047E-34
4.3085E-12	1.043E-34
4.6558E-12	1.039E-34
5.0310E-12	1.035E-34
5.4365E-12	1.033E-34
5.8746E-12	1.030E-34
6.3481E-12	1.029E-34
6.8597E-12	1.027E-34
7.4126E-12	1.026E-34
8.0100E-12	1.024E-34
#-------------------------------------
