# EXCITATION
# Energy (Joules) | Cross Section (m2)
#-------------------------------------
0.0000E+00	0.000E+00
1.8617E-18	0.000E+00
1.8713E-18	1.040E-22
1.8746E-18	7.360E-23
1.8810E-18	5.680E-23
1.8842E-18	5.410E-23
1.8906E-18	4.990E-23
1.8922E-18	4.940E-23
1.8986E-18	4.900E-23
1.9066E-18	4.950E-23
1.9130E-18	5.000E-23
1.9226E-18	5.200E-23
1.9290E-18	5.300E-23
1.9386E-18	5.500E-23
1.9547E-18	5.700E-23
1.9867E-18	7.300E-23
2.0027E-18	7.900E-23
2.0187E-18	8.500E-23
2.0268E-18	8.600E-23
2.0348E-18	8.800E-23
2.0412E-18	9.000E-23
2.0508E-18	9.200E-23
2.0668E-18	9.700E-23
2.0828E-18	1.030E-22
2.0908E-18	1.470E-22
2.0957E-18	1.010E-22
2.0989E-18	9.400E-23
2.1037E-18	8.400E-23
2.1085E-18	1.030E-22
2.1149E-18	1.480E-22
2.1197E-18	1.390E-22
2.1229E-18	1.220E-22
2.1293E-18	1.120E-22
2.1309E-18	1.150E-22
2.1469E-18	1.380E-22
2.1629E-18	1.580E-22
2.2142E-18	2.190E-22
2.2431E-18	2.550E-22
2.2831E-18	2.920E-22
2.3232E-18	3.220E-22
2.4033E-18	3.730E-22
2.5635E-18	4.490E-22
2.7237E-18	5.200E-22
2.8839E-18	5.650E-22
3.0441E-18	6.080E-22
3.2044E-18	6.580E-22
3.5248E-18	7.000E-22
4.0055E-18	7.400E-22
4.8065E-18	7.600E-22
5.6076E-18	7.700E-22
6.4087E-18	7.650E-22
8.0109E-18	7.430E-22
9.6131E-18	7.150E-22
1.1215E-17	6.850E-22
1.2817E-17	6.500E-22
1.6022E-17	5.850E-22
2.4033E-17	4.800E-22
3.2044E-17	4.100E-22
3.3571E-17	3.962E-22
3.6698E-17	3.768E-22
4.0118E-17	3.581E-22
4.3856E-17	3.402E-22
4.7942E-17	3.230E-22
5.2408E-17	3.065E-22
5.7291E-17	2.907E-22
6.2629E-17	2.756E-22
6.8465E-17	2.611E-22
7.4844E-17	2.473E-22
8.1817E-17	2.341E-22
8.9440E-17	2.214E-22
9.7773E-17	2.093E-22
1.0688E-16	1.978E-22
1.1684E-16	1.867E-22
1.2773E-16	1.762E-22
1.3963E-16	1.661E-22
1.5264E-16	1.565E-22
1.6686E-16	1.473E-22
1.8241E-16	1.386E-22
1.9940E-16	1.303E-22
2.1798E-16	1.224E-22
2.3829E-16	1.149E-22
2.6049E-16	1.077E-22
2.8476E-16	1.010E-22
3.1129E-16	9.455E-23
3.4030E-16	8.849E-23
3.7200E-16	8.276E-23
4.0666E-16	7.735E-23
4.4455E-16	7.225E-23
4.8597E-16	6.744E-23
5.3125E-16	6.292E-23
5.8074E-16	5.866E-23
6.3485E-16	5.467E-23
6.9400E-16	5.092E-23
7.5867E-16	4.741E-23
8.2935E-16	4.413E-23
9.0662E-16	4.105E-23
9.9109E-16	3.818E-23
1.0834E-15	3.550E-23
1.1844E-15	3.299E-23
1.2947E-15	3.066E-23
1.4154E-15	2.848E-23
1.5472E-15	2.646E-23
1.6914E-15	2.457E-23
1.8490E-15	2.282E-23
2.0213E-15	2.119E-23
2.2096E-15	1.968E-23
2.4154E-15	1.827E-23
2.6405E-15	1.697E-23
2.8865E-15	1.576E-23
3.1555E-15	1.464E-23
3.4495E-15	1.360E-23
3.7709E-15	1.264E-23
4.1222E-15	1.174E-23
4.5063E-15	1.092E-23
4.9261E-15	1.016E-23
5.3851E-15	9.451E-24
5.8868E-15	8.798E-24
6.4353E-15	8.196E-24
7.0349E-15	7.639E-24
7.6903E-15	7.124E-24
8.4069E-15	6.650E-24
9.1901E-15	6.211E-24
1.0046E-14	5.807E-24
1.0982E-14	5.435E-24
1.2006E-14	5.092E-24
1.3124E-14	4.775E-24
1.4347E-14	4.484E-24
1.5684E-14	4.217E-24
1.7145E-14	3.970E-24
1.8743E-14	3.744E-24
2.0489E-14	3.536E-24
2.2398E-14	3.346E-24
2.4485E-14	3.171E-24
2.6766E-14	3.011E-24
2.9260E-14	2.865E-24
3.1986E-14	2.731E-24
3.4966E-14	2.609E-24
3.8224E-14	2.498E-24
4.1785E-14	2.398E-24
4.5678E-14	2.306E-24
4.9934E-14	2.224E-24
5.4587E-14	2.149E-24
5.9673E-14	2.082E-24
6.5233E-14	2.022E-24
7.1310E-14	1.969E-24
7.7955E-14	1.921E-24
8.5218E-14	1.879E-24
9.3158E-14	1.843E-24
1.0184E-13	1.811E-24
1.1133E-13	1.784E-24
1.2170E-13	1.761E-24
1.3304E-13	1.741E-24
1.4543E-13	1.726E-24
1.5898E-13	1.713E-24
1.7379E-13	1.704E-24
1.8999E-13	1.697E-24
2.0769E-13	1.693E-24
2.2704E-13	1.692E-24
2.4819E-13	1.692E-24
2.7132E-13	1.695E-24
2.9660E-13	1.699E-24
3.2423E-13	1.705E-24
3.5444E-13	1.713E-24
3.8746E-13	1.722E-24
4.2356E-13	1.732E-24
4.6303E-13	1.743E-24
5.0617E-13	1.755E-24
5.5333E-13	1.768E-24
6.0488E-13	1.782E-24
6.6124E-13	1.797E-24
7.2285E-13	1.812E-24
7.9020E-13	1.828E-24
8.6382E-13	1.844E-24
9.4431E-13	1.861E-24
1.0323E-12	1.878E-24
1.1285E-12	1.896E-24
1.2336E-12	1.914E-24
1.3485E-12	1.932E-24
1.4742E-12	1.950E-24
1.6115E-12	1.969E-24
1.7617E-12	1.988E-24
1.9258E-12	2.007E-24
2.1053E-12	2.026E-24
2.3014E-12	2.045E-24
2.5158E-12	2.065E-24
2.7503E-12	2.084E-24
3.0065E-12	2.104E-24
3.2866E-12	2.124E-24
3.5928E-12	2.143E-24
3.9276E-12	2.163E-24
4.2935E-12	2.183E-24
4.6936E-12	2.203E-24
5.1309E-12	2.223E-24
5.6089E-12	2.243E-24
6.1315E-12	2.263E-24
6.7028E-12	2.284E-24
7.3273E-12	2.304E-24
8.0100E-12	2.324E-24
#-------------------------------------
